,Unnamed: 0,S1,p_llm_1,seq_type1,p_rsa_1,S2,p_llm_2,seq_type2,p_rsa_2,S3,p_llm_3,seq_type3,p_rsa_3,S4,p_llm_4,seq_type4,p_rsa_4,S5,p_llm_5,seq_type5,p_rsa_5,S6,p_llm_6,seq_type6,p_rsa_6,S7,p_llm_7,seq_type7,p_rsa_7
0,0,"a large, grey, desk, facing forwards",3.039856943314724e-14,topk,0.014719191846535638,a large blue desk facing forwards ,6.917977421085268e-05,topk,0.014992711158341856,"a large, red desk with its back facing the viewer",2.987015772897408e-15,topk,0.010700838063952936,"a small, green table",0.0007290095021104253,topk,0.02621291376601061,"a large, blue fan facing forwards'",0.00014031856675092997,topk,0.016394848087712608,"a large, red fan""",0.00013100864748358235,topk,0.031964656218143296,a fan facing to the left,7.195886325727735e-05,topk,0.02187495591823744
1,1,"a large, grey desk facing forwards""",3.62827600248965e-13,topk,0.015139740185008086,a large desk that is blue in colour and facing forwards,1.2960221459793049e-05,topk,0.0092682214433386,"a small, green desk facing to the left",1.978188884179997e-13,topk,0.0,"a small, green desk",0.9130072926918049,topk,0.027592540806326952,"a large, blue desk",0.0001174639347722451,topk,0.0,"a small, green fan",3.571188120854834e-05,topk,0.0,"a small, green fan",0.0005015441287004493,topk,0.029166607890983246
2,2,"a large, grey desk facing forwards'",6.924685930247002e-14,topk,0.015139740185008086,"a small, green desk facing to the left",3.8336383137728073e-05,topk,0.0,a large desk,1.7736294318422244e-13,topk,0.014565029587047052,"a small, green fan",0.00020577664381177298,topk,0.0,"a large, blue fan  facing forwards",0.00017173312647901577,topk,0.016394848087712608,a large red fan facing backward,6.245553386707235e-05,topk,0.017529005022852776,"a large, blue desk",9.27128292903135e-05,topk,0.0
3,3,"a large, grey desk facing forwards is in the room",6.526740558751854e-14,topk,0.010814100132148632,a large desk,0.00031644323492259604,topk,0.014159782760656195,"a large, red desk, facing backwards",2.3916874186750213e-13,topk,0.01498117328953411,a large desk,0.0004037372966825302,topk,0.0,a large blue fan ,0.00016436222200485735,topk,0.032789696175425216,a red desk facing backwards,0.00010246941906877402,topk,0.0,"a small, green desk facing to the left",4.002082304078727e-05,topk,0.0
4,4,a large desk,4.692070342877478e-13,topk,0.014719191846535638,a large desk with a blue top,1.004756212236487e-05,topk,0.018205434977986535,a red desk facing backwards,1.8637764836709137e-11,topk,0.01942003944939607,"a small green desk""",0.00020594076912981718,topk,0.027592540806326952,"a large, blue fan is in the room",6.0636294424145275e-05,topk,0.017419526093194648,"a large, red fan facing backward",0.00018816910352331673,topk,0.016981223615888625,"a small, green fan on the left",0.00010192713719795248,topk,0.01749996473458995
5,5,"a large, grey desk facing forwards  (1)",1.5464743200156727e-14,topk,0.013586946319879051,a large desk with a blue surface,1.1965048312775836e-05,topk,0.01592975560573822,a red desk facing the opposite direction of the others,4.6759177540474545e-15,topk,0.009710019724698035,"a small, green fan facing to the left",0.0009063770917395326,topk,0.0,"a large, blue fan facing forwards ",0.0016311495888116808,topk,0.016394848087712608,"a large, red fan",0.019443407242794277,topk,0.03396244723177725,"a small, green fan facing to the left",0.0017653882072019916,topk,0.014189160595613474
6,6,"a large, grey desk, facing forwards",2.9945227575427134e-13,topk,0.015139740185008086,a large desk that is blue in color and facing forwards,1.941911611507223e-05,topk,0.009439855173770797,"a large, red desk with its back facing us",1.3923912062960432e-15,topk,0.01278880646667546,a small desk facing the left,0.00020869925889272504,topk,0.01872350983286472,a blue desk,0.0005217824471642253,topk,0.0,"a large, red fan facing forwards",0.00013447839381542162,topk,0.0,a small fan facing left,7.799270073350258e-05,topk,0.022826040958160803
7,7,"a large, grey desk in the room",3.692531746768427e-14,topk,0.017663030215842767,"a large blue desk, facing forwards",3.9792578817087916e-05,topk,0.014992711158341856,a red desk facing away,1.1614276519994852e-13,topk,0.02383368477880427,"a large, grey desk",0.0002151627406381941,topk,0.0,"a large, blue fan",0.02995667536212399,topk,0.032789696175425216,a large red fan ,5.534889717842749e-05,topk,0.03396244723177725,a green fan facing to the left,0.000305054846412551,topk,0.01749996473458995
8,8,a blue desk,6.709139927367784e-14,topk,0.0,a  blue  desk,2.2924732560090086e-05,topk,0.03921170610643254,"a large, red desk that is facing backwards",7.814787167601202e-14,topk,0.012484311074611757,"a small green desk, facing left",0.0002044816015052889,topk,0.01691155726839394,a large blue fan facing forward,0.00015627534399365126,topk,0.017981446289749313,"a large red fan, facing backwards",3.883755561604026e-05,topk,0.01646664108207382,a small green fan is facing to the left,5.586201009246776e-05,topk,0.01346151133429996
9,9,"a large, grey desk facing forwards 1",2.2272798038512512e-14,topk,0.014719191846535638,"a large blue desk facing forwards""",3.505860324507929e-05,topk,0.014992711158341856,"a large, red desk  facing backwards",4.5805844450691564e-14,topk,0.01498117328953411,a blue desk,0.00020915035216203457,topk,0.0,a large fan,0.0005738501514787414,topk,0.025337492499192215,"a large, red fan faces backwards",5.382288875238937e-05,topk,0.016981223615888625,a small green fan facing the left,0.00010061675190161242,topk,0.01590905884962723
10,10,a desk facing forwards,1.4105815283517213e-13,topk,0.012042975147165524,a green desk,1.8091149379919987e-05,topk,0.0,a large desk that is red in color and facing backwards,7.332716949357227e-15,topk,0.009710019724698035,"a green, small desk",0.00028715997528708074,topk,0.027592540806326952,"a large, blue fan facing forwards in the room",0.00018011831731017987,topk,0.012387218555160638,"a large, blue fan",3.3010393796756676e-05,topk,0.0,a small green fan to the left,0.0003978088550583105,topk,0.018103411794403397
11,11,"a large, grey desk  ",5.26293140189201e-14,topk,0.026494545323764152,a  blue desk facing forwards,1.6216677771626693e-05,topk,0.018205434977986535,a red desk backwards,9.489354218740389e-14,topk,0.026217053256684695,a small green desk facing left,0.016798092819574974,topk,0.01747527584400707,"a large, blue fan face",0.00010974203356922208,topk,0.025337492499192215,"a large, red fan in the room",1.9567227305882085e-05,topk,0.019407112703872714,a small green fan facing left,9.860592842051346e-05,topk,0.018103411794403397
12,12,"a grey, large desk",3.912354352093481e-14,topk,0.029438383693071276,a  blue desk,1.3043546235885703e-05,topk,0.04247934828196859,a red desk in the room,4.1119107847386896e-14,topk,0.02383368477880427,a small green desk facing left ,0.0002708571683337719,topk,0.01691155726839394,a blue fan ,7.507188391102288e-05,topk,0.05067498499838443,a large fan facing backwards,0.000672696007173787,topk,0.019407112703872714,"a large, blue fan facing forwards",0.00019872648268850116,topk,0.0
13,13,a large desk that is grey in color and facing forwards,1.0650466178310702e-14,topk,0.009812794564357094,"a large desk, blue in colour",1.0525256860789098e-05,topk,0.018205434977986535,a large desk facing backwards,3.3303015823719237e-14,topk,0.01808072638392048,"a green, small desk facing to the left",0.00043964583786056913,topk,0.013796270403163476,"a large, blue fan facing forwards",0.058405386962823436,topk,0.01689166166612814,a large fan,0.0001491538462115303,topk,0.024699961623110726,"a small, green fan that is facing to the left",4.606632082128804e-05,topk,0.011666643156393302
14,14,a large grey desk ,5.005581117609285e-14,topk,0.029438383693071276,"a large desk, blue",1.7670854952933768e-05,topk,0.02831956552131239,"a large, red desk facing backwards""",3.57997959400554e-14,topk,0.01498117328953411,a small green desk ,0.0015947361828703484,topk,0.027592540806326952,a large blue fan facing forwards,0.00045464257082312477,topk,0.017419526093194648,a red fan facing backward,3.7633173551200995e-05,topk,0.021735966228337438,a small green fan facing left ,4.3329897604154854e-05,topk,0.01749996473458995
15,15,a large grey desk is facing forwards,8.764482496810163e-14,topk,0.014719191846535638,"a large desk that is blue in color, facing forwards",7.72315323200427e-06,topk,0.009995140772227903,"a large, red desk facing the opposite direction of the others",2.003766388683754e-15,topk,0.008595755166126129,a small green desk is facing to the left,0.00044449323528508006,topk,0.013106456883005305,a large fan facing forwards,0.0012208267101661602,topk,0.020645364258601064,a large red fan,5.213838371760944e-05,topk,0.0362266103805624,a small fan facing to the left,0.00018859633551718068,topk,0.01749996473458995
16,16,a large grey desk  facing forwards,5.948437085757637e-14,topk,0.015585026661037737,a large blue desk facing forwards in a room,1.2034214086331969e-05,topk,0.011854701846130768,"a large, red desk facing the opposite direction of the other desks and fans",5.176378607730608e-16,topk,0.0,"a small green desk facing left""",0.00019396131873752765,topk,0.01691155726839394,"a blue fan, facing forwards",7.885929891260257e-05,topk,0.020645364258601064,"a  large, red fan facing backwards",4.643098595846932e-05,topk,0.015982328109071648,a green fan facing the left,5.5460494240769616e-05,topk,0.0194444052606555
17,17,"a large, grey desk  facing forwards",1.9543312060328793e-13,topk,0.015139740185008086,a large blue desk facing forwards,0.0035206328512224576,topk,0.015447035738897668,a red desk,9.16425846302652e-12,topk,0.05243410651336939,a small green facing left desk,0.00022672439989889775,topk,0.01747527584400707,a blue fan,8.054037461157907e-05,topk,0.055742483498222875,"a large, red fan  facing backwards",7.219104925834084e-05,topk,0.015982328109071648,a small green fan facing to the left,0.00021958618308294789,topk,0.014583303945491623
18,18,a large grey facing forwards desk,8.840032414760847e-14,topk,0.0160573001962207,a large desk that is blue in colour,1.1013766371703682e-05,topk,0.01456434798238923,"a large, red desk facing the opposite direction of other desks",1.6445665871078579e-15,topk,0.008457113953769255,a green desk facing left,0.0002933332292361546,topk,0.02184409480500884,"a large, blue fan""",0.00020342959250738686,topk,0.030968046387901592,"a large, red fan that is facing backwards",4.6673296494997884e-05,topk,0.013253637944108197,"a small, green fan""",7.631573152737556e-05,topk,0.027631523265142028
19,19,"a large, grey desk facing forwards, ",2.6417838569085343e-14,topk,0.014719191846535638,"a large desk, blue in colour, facing forwards",4.117901512920125e-05,topk,0.011327826208524959,a large red desk facing backward,4.974520396206167e-14,topk,0.016385658285427936,a green desk to the left,0.00021200803336529582,topk,0.02184409480500884,a fan,0.00035408747124882983,topk,0.037161655665481914,"a large, red fan facing to the left",3.3383141826104946e-05,topk,0.0,a small green fan  facing to the left,3.9157472411306096e-05,topk,0.014189160595613474
20,20,"a large, grey desk ",1.2724136126765921e-13,topk,0.027888995077646476,a large blue desk is facing forwards,2.3077139174100395e-05,topk,0.014159782760656195,"a red desk, facing backwards",5.086345622323275e-13,topk,0.01872646661191764,a green table,0.0004897597334944687,topk,0.04032755964001632,a large blue fan,0.00024415182952039743,topk,0.034839052186389295,a large red fan facing backwards,0.00025958199163089274,topk,0.016981223615888625,"a small, green fan is facing to the left",8.083518762294304e-05,topk,0.013124973550942463
21,21,a grey facing forwards desk,5.490073626864003e-14,topk,0.019625589128714187,a large desk is blue and facing forwards,2.2903229725970198e-05,topk,0.012743804484590579,a red desk that is facing backwards,1.8572795739590232e-14,topk,0.01498117328953411,"a large, red desk",0.001111655511932111,topk,0.0,a green fan,0.0001132178453411923,topk,0.0,"a large, red desk",6.770051120387812e-05,topk,0.0,a green fan to the left,7.73445868251798e-05,topk,0.022826040958160803
22,22,"a grey, large desk facing forwards",2.521432891512357e-14,topk,0.015585026661037737,"a  large, blue desk facing forwards",2.28167235699131e-05,topk,0.01456434798238923,"a large, red desk face backwards",3.8178673057272274e-14,topk,0.016385658285427936,a green desk on the left,0.00026122261756318286,topk,0.02184409480500884,"a large, blue fan facing forwards is in the room",4.0676683660742704e-05,topk,0.011613017395463098,a red desk,5.624389694536878e-05,topk,0.0,a small green desk,0.0020314610996872646,topk,0.0
23,23,a grey desk,4.194036825559557e-11,topk,0.048171900588662095,"a large desk, blue in color, facing forwards",5.09229630698781e-05,topk,0.01158527680417325,"a red, large desk facing backwards",2.6150957274793492e-14,topk,0.015421796033343937,a small green desk facing the left,0.0015038317358545441,topk,0.015419361038829769,"a large, blue fan, facing forwards",0.00034548811826917155,topk,0.016394848087712608,a fan facing backwards,0.00032387927246871454,topk,0.024699961623110726,"a small, green fan facing the left",0.0005523977164329066,topk,0.015441145354049958
24,24,"a large, grey desk facing forwards in a room",4.392825365679854e-14,topk,0.012042975147165524,a large desk in the room,2.1503121329223944e-05,topk,0.007079891380328098,"a large, red desk facing the opposite direction of the other desks",2.629243295329465e-15,topk,0.007944561592934756,a small green desk,0.026763012936365165,topk,0.02912545974001178,"a large blue fan, facing forwards",6.557134553473184e-05,topk,0.01689166166612814,"a red fan, facing backwards",4.558663259217888e-05,topk,0.020125894655867997,"a large, red fan facing backwards",0.00021834661525544478,topk,0.0
25,25,"a large desk, grey, facing forwards",4.489473611980616e-14,topk,0.015139740185008086,a large desk with a blue color,1.9705143288238637e-05,topk,0.016991739312787434,a small green desk facing to the left,2.4575642804618206e-14,topk,0.0,"a large, blue desk facing forwards",0.0018237730552060306,topk,0.0,"a large, blue desk facing forwards",0.0003955227644495774,topk,0.0,"a large, red fan  ",4.0584585715889794e-05,topk,0.030188841983802,a small green fan,0.00020073984333785343,topk,0.030882290708099915
26,26,a large grey desk,9.351656687572612e-14,topk,0.031170053322075474,"a large,",2.802033407410424e-05,topk,0.0,"a red desk""",4.884700930925739e-14,topk,0.04766736955760854,a small green desk to the left,0.00041658587049405235,topk,0.01747527584400707,a blue fan is facing forwards,8.004494855542272e-05,topk,0.019221546033869958,a fan,0.0001147981793946415,topk,0.0362266103805624,"a small, green fan faces to the left",6.250392071159999e-05,topk,0.014583303945491623
27,27,a grey large desk facing forwards,5.056583569794716e-14,topk,0.0160573001962207,a blue table,5.933771908552426e-05,topk,0.04247934828196859,a desk,1.7872844884994178e-13,topk,0.021847544380570575,a small desk facing left,0.0026041448343867993,topk,0.02184409480500884,"a large, blue fan is facing forwards",0.0001755084804472414,topk,0.015484023193950796,"a large,",3.198635038404626e-05,topk,0.0,a green fan facing left,0.0002759549218938896,topk,0.022826040958160803
28,28,a large desk facing forwards,9.6021956095669e-13,topk,0.009462337615630053,a large desk that is blue and facing forwards,3.9068349586043706e-05,topk,0.011327826208524959,a red desk facing the opposite direction of the other desks,5.0173695441455065e-15,topk,0.008887136697181252,a small green desk facing to the left,0.012158069784119504,topk,0.014169142576221951,"a large, blue fan facing forwards""",0.0013522705052328703,topk,0.016394848087712608,"a large, red fan, facing backwards",2.197452708081221e-05,topk,0.015982328109071648,a green desk facing to the left,9.006076795587762e-05,topk,0.0
29,29,"a large desk, grey in color, facing forwards",6.454861731992712e-14,topk,0.012042975147165524,a large blue desk,3.6255473958382785e-05,topk,0.02998542231668371,"a large, red desk is facing backwards",1.387400762535352e-13,topk,0.014171380138748484,a green desk facing to the left,7.326109862095696e-05,topk,0.01691155726839394,"a large, blue fan ",0.0016768879808607418,topk,0.030968046387901592,"a large, red fan facing backwards",0.1363906597799456,topk,0.01646664108207382,"a small, green fan to the left",0.0005531473448986935,topk,0.01749996473458995
30,30,a large gray desk facing forwards,1.2173316317678832e-13,topk,0.0160573001962207,a large blue desk  facing forwards,2.4606566021433657e-05,topk,0.014992711158341856,"a large, red desk faces backwards",4.175007284465525e-14,topk,0.015889123185869512,a green desk facing the left,0.00047618813129495787,topk,0.01872350983286472,"a large, blue fan faces forwards",0.0001721532373846245,topk,0.017419526093194648,"a large, red fan facing the opposite direction of the other objects",7.433538836420877e-07,topk,0.008110435159827402,"a small, green fan ",0.00072974240131132,topk,0.027631523265142028
31,31,"a large, grey desk facing forwards in the room",1.012841689663087e-14,topk,0.01151936753207137,"a large, blue  desk",2.4212604256833407e-05,topk,0.026829062072822266,"a large, red desk facing the opposite direction from the other desks",6.072890615893389e-16,topk,0.007710898016671968,a small green desk faces to the left,0.00013531671753475843,topk,0.01456272987000589,a,0.00016223926251926786,topk,0.0,"a large, red fan facing to the right",2.5764628809438373e-05,topk,0.0,"a small green fan, facing to the left",5.958310147766681e-05,topk,0.014189160595613474
32,32,"a large, grey desk facing forwards ",1.4690413012690394e-12,topk,0.015139740185008086,"a large, blue",1.792607069455749e-05,topk,0.01960585305321627,a red desk is facing backwards,4.5333799524684684e-14,topk,0.017478035504456462,a small desk facing to the left,0.0090794907634266,topk,0.01691155726839394,"a large, blue fan facing forwards  (5)",1.2033250665679004e-05,topk,0.01466907460479549,"a large, red fan faced backwards",2.2664550319587272e-05,topk,0.016981223615888625,a small fan,6.042704625738041e-05,topk,0.047727176548881686
33,33,a large,4.888834291186791e-14,topk,0.0,"a large desk, blue in color",1.3568420481588622e-05,topk,0.018879710347541594,a red fan,1.1413143954930173e-13,topk,0.0,a little green table,0.0002603496636725275,topk,0.02621291376601061,a large blue fan is facing forwards,6.82256901922099e-05,topk,0.015926423856635105,a red fan,3.968613099501791e-05,topk,0.060377683967604,"a small, green fan  facing to the left",2.2865501971474978e-05,topk,0.013815761632571014
34,34,"a large, grey desk that is facing forwards",3.413021475925188e-14,topk,0.012616450154173406,a large desk facing forwards,0.0007881813301372341,topk,0.009102717488993268,"a large, red desk with its back facing you",7.140892563973532e-15,topk,0.012484311074611757,"a small, green, facing-left desk",0.00018663629567854584,topk,0.01638307110375663,a grey thing facing forwards,1.1010047871267574e-09,logic,0.0,a red fan facing backwards,0.0012596221689466834,topk,0.02089996752724754,a,0.0002401464705228064,topk,0.0
35,35,a,3.4748734664915243e-13,topk,0.0,a small green desk facing to the left,1.444725554251938e-05,topk,0.0,a red desk with its back facing us,2.2848240768392265e-14,topk,0.015421796033343937,a,0.0009624669463641459,topk,0.0,a grey thing facing to the left,3.529895867324335e-12,logic,0.0,"a large, red fan ",0.0008344942329954356,topk,0.031964656218143296,"a small, green fan, facing to the left",0.00011396849324862955,topk,0.013815761632571014
36,36,"a large, grey desk faces forwards",3.693447443188882e-14,topk,0.0160573001962207,a large blue desk facing forwards in the room,3.1274208390873275e-05,topk,0.011327826208524959,a,3.139002419937287e-13,topk,0.0,a small green desk  facing to the left,0.00020319025253837805,topk,0.013796270403163476,a grey thing,1.0962737413127698e-08,logic,0.0,"a large, red fan is facing backwards",7.515578031123524e-05,topk,0.015094420991901,"a large, red desk facing backwards",6.012353667248952e-05,topk,0.0
37,37,"a large, grey desk facing forwards",2.6449440686797102e-11,topk,0.015585026661037737,a large blue desk facing forward,4.239033907587108e-05,topk,0.01592975560573822,"a large, red desk facing backwards",2.286164687595114e-12,topk,0.015421796033343937,a small desk,0.0028017320392759305,topk,0.04368818961001768,a grey thing facing backwards,8.36740355183792e-12,logic,0.0,a,0.00023649819924101225,topk,0.0,a small green fan on the left,0.0002372034050301465,topk,0.018103411794403397
38,38,"a large grey desk, facing forwards",1.2627692990067588e-13,topk,0.015585026661037737,a desk,0.00046618904607879745,topk,0.021239674140984294,a large red desk facing backwards,5.939668110942276e-14,topk,0.015889123185869512,"a large, grey desk facing forwards",0.0003435475289513846,topk,0.0,a grey fan facing forwards,3.3677962076434043e-07,logic,0.0,"a large, red desk facing backwards",0.00041460122943746096,topk,0.0,a small green fan ,0.0001900566637500653,topk,0.029166607890983246
39,39,"a large, grey desk is facing forwards",8.315267331067534e-14,topk,0.014321375850683327,a large,2.6874314323355345e-05,topk,0.0,"a large, red desk facing the opposite direction to the other desks",5.518303880532218e-16,topk,0.007944561592934756,"a green, small desk facing left",0.0005068295365246731,topk,0.01691155726839394,a grey fan facing to the left,9.100223843215817e-09,logic,0.0,"a large, red fan face backwards",3.203708916418832e-05,topk,0.017529005022852776,a green fan on the left,4.0954419945503706e-05,topk,0.022826040958160803
40,40,"a large desk, grey in colour, facing forwards",6.198718019655908e-14,topk,0.011775353477228512,a large desk that is blue,2.0740259904734224e-05,topk,0.020390087175344924,"a large, red desk facing backwards ",9.165070706724359e-14,topk,0.01498117328953411,"a small green desk, facing to the left",4.188995038865226e-05,topk,0.013796270403163476,a grey fan,1.132261523227929e-06,logic,0.0,a grey thing facing forwards,6.224416837130354e-10,logic,0.0,"a small, green fan facing left",0.0013054501858289743,topk,0.01749996473458995
41,41,"a large, grey desk  (1)",3.251098688081731e-14,topk,0.02303873506414274,a,0.00021343689818735783,topk,0.0,"a large, red desk facing backwards,",1.7991828318652827e-14,topk,0.01498117328953411,a small green table,0.0007404000511107114,topk,0.027592540806326952,a grey fan facing backwards,1.913436555480165e-08,logic,0.0,a grey thing facing to the left,3.1227462074702928e-12,logic,0.0,a small green fan faces left,4.103910522934516e-05,topk,0.018749962215632087
42,42,a large grey desk facing forwards,3.2896600340821154e-14,topk,0.0160573001962207,a large desk that is blue in color,1.4318212104468235e-05,topk,0.014992711158341856,a red desk with its back to us,1.8087758084214273e-14,topk,0.017478035504456462,a grey thing facing forwards,1.342796208046622e-18,logic,0.0,a grey desk facing forwards,8.440264716069896e-06,logic,0.0,a grey thing,6.262861487997919e-09,logic,0.0,a grey thing facing forwards,1.7495333716351955e-10,logic,0.0
43,43,a grey thing facing forwards,1.929877176648427e-08,logic,0.018924675231260107,a large desk with a blue color facing forwards,9.358607915076196e-06,topk,0.011081569117035284,a red desk ,4.634475207223798e-13,topk,0.04766736955760854,a grey thing facing to the left,8.130927734756504e-21,logic,0.0,a grey desk facing to the left,1.2429803626896806e-08,logic,0.0,a grey thing facing backwards,8.562001862036285e-12,logic,0.0,a grey thing facing to the left,1.488057252045134e-12,logic,0.0
44,44,a grey thing facing to the left,1.983366513881958e-13,logic,0.0,"a large desk, blue, facing forwards",2.142778793234714e-05,topk,0.01456434798238923,a large desk that is red in color and is facing backwards,1.9486400573957095e-15,topk,0.009198966054977085,a grey thing,1.2056789822806807e-17,logic,0.0,a grey desk,6.460735330205428e-05,logic,0.0,a grey fan facing forwards,2.1423745492490817e-07,logic,0.0,a grey thing,1.959691903902447e-09,logic,0.0
45,45,a grey thing,1.92811578851152e-07,logic,0.04415757553960691,"a blue, large desk facing forwards",1.4055849566032597e-05,topk,0.014992711158341856,a red desk facing backward,2.1698325156980365e-13,topk,0.02016696404360361,a grey thing facing backwards,1.50840352017886e-20,logic,0.0,a grey desk facing backwards,1.111186739649869e-08,logic,0.0,a grey fan facing to the left,7.401670136190224e-09,logic,0.0,a grey thing facing backwards,2.6988441381228535e-12,logic,0.0
46,46,a grey thing facing backwards,6.607714229374552e-12,logic,0.0,a large  blue desk facing forwards,1.183977954104122e-05,topk,0.014992711158341856,a grey thing facing forwards,1.0712786289014648e-09,logic,0.0,a grey fan facing forwards,9.454457173583448e-19,logic,0.0,a red thing facing forwards,2.3100398375885467e-12,logic,0.0,a grey fan,7.158888906373084e-07,logic,0.0,a grey fan facing forwards,5.8290871476119983e-08,logic,0.0
47,47,a grey fan facing forwards,1.2719727967981756e-08,logic,0.0,a large blue desk faces forwards,1.2127026623409145e-05,topk,0.01592975560573822,a grey thing facing to the left,1.6445879181457623e-12,logic,0.0,a grey fan facing to the left,9.539119984554093e-19,logic,0.0,a red thing facing to the left,1.1734611635183153e-12,logic,0.0,a grey fan facing backwards,1.1152546729703819e-07,logic,0.0,a grey fan facing to the left,2.7118115477611778e-08,logic,0.0
48,48,a grey fan facing to the left,4.2728452679946565e-10,logic,0.0,a large desk is blue,3.642876636303691e-05,topk,0.025487608969181157,a grey thing,1.2391103489245768e-08,logic,0.0,a grey fan,1.0461423412263274e-17,logic,0.0,a red thing,1.2740978670856682e-09,logic,0.0,a grey desk facing forwards,4.4176388569857145e-06,logic,0.0,a grey fan,3.5707624033470754e-07,logic,0.0
49,49,a grey fan,8.058858561952703e-08,logic,0.0,a grey thing facing forwards,1.3138445006049046e-10,logic,0.0,a grey thing facing backwards,1.0635167279903597e-11,logic,0.0,a grey fan facing backwards,4.863842172826356e-19,logic,0.0,a red thing facing backwards,1.862519128905731e-10,logic,0.0,a grey desk facing to the left,5.896153096592465e-09,logic,0.0,a grey fan facing backwards,1.2796748018523331e-08,logic,0.0
50,50,a grey fan facing backwards,9.815419036040907e-10,logic,0.0,a grey thing facing to the left,7.579147742246787e-14,logic,0.0,a grey fan facing forwards,8.682249151296826e-10,logic,0.0,a grey desk facing forwards,1.4159052020919892e-14,logic,0.0,a red fan facing forwards,1.4717976403650798e-07,logic,0.0,a grey desk,2.334741124852597e-05,logic,0.0,a grey desk facing forwards,1.1110599062305353e-06,logic,0.0
51,51,a grey desk facing forwards,0.05706521987441285,logic,0.019625589128714187,a grey thing,1.543358975646681e-09,logic,0.0,a grey fan facing to the left,1.1334089002370743e-10,logic,0.0,a grey desk facing to the left,3.066256198930032e-17,logic,0.0,a red fan facing to the left,9.143830008857326e-08,logic,0.0,a grey desk facing backwards,5.8611920692757885e-09,logic,0.0,a grey desk facing to the left,2.1435578323279787e-09,logic,0.0
52,52,a grey desk facing to the left,3.6575044072256057e-07,logic,0.0,a grey thing facing backwards,2.648128761761453e-13,logic,0.0,a grey fan,6.6531828367626366e-09,logic,0.0,a grey desk,1.0654703000124609e-13,logic,0.0,a red fan,2.5781657778291592e-05,logic,0.0,a red thing facing forwards,2.0181135275581532e-11,logic,0.0,a grey desk,1.018769397697709e-05,logic,0.0
53,53,a grey desk,0.16223844016446445,logic,0.048171900588662095,a grey fan facing forwards,2.397440756554499e-10,logic,0.0,a grey fan facing backwards,1.1869174319239603e-09,logic,0.0,a grey desk facing backwards,3.015622223044208e-17,logic,0.0,a red fan facing backwards,1.2955575626852623e-05,logic,0.0,a red thing facing to the left,1.8250924550865542e-11,logic,0.0,a grey desk facing backwards,2.1531299052634064e-09,logic,0.0
54,54,a grey desk facing backwards,2.7503713637580847e-06,logic,0.0,a grey fan facing to the left,3.051971336667687e-11,logic,0.0,a grey desk facing forwards,9.079035939747188e-06,logic,0.0,a red thing facing forwards,1.514428558591311e-20,logic,0.0,a red desk facing forwards,1.3614187914336333e-07,logic,0.0,a red thing,8.124870173278605e-08,logic,0.024699961623110726,a red thing facing forwards,8.882918326786865e-13,logic,0.0
55,55,a red thing facing forwards,1.125463971436761e-12,logic,0.0,a grey fan,1.4825418779693684e-09,logic,0.0,a grey desk facing to the left,8.002449567312806e-09,logic,0.0,a red thing facing to the left,1.0008577908360818e-20,logic,0.0,a red desk facing to the left,1.550600670442319e-08,logic,0.0,a red thing facing backwards,1.3506111460918176e-08,logic,0.009703556351936357,a red thing facing to the left,1.243161866502087e-12,logic,0.0
56,56,a red thing facing to the left,6.819243807714298e-13,logic,0.0,a grey fan facing backwards,1.5765261826110123e-10,logic,0.0,a grey desk,8.686080902264288e-05,logic,0.0,a red thing,3.9820090577770736e-18,logic,0.0,a red desk,5.613341870055468e-06,logic,0.0,a red fan facing forwards,1.5096751144035432e-05,logic,0.0,a red thing,6.689297948206428e-10,logic,0.0
57,57,a red thing,8.566959444195744e-10,logic,0.0,a grey desk facing forwards,3.1264888339471837e-06,logic,0.0,a grey desk facing backwards,9.6679426540459e-09,logic,0.0,a red thing facing backwards,4.413114247149312e-19,logic,0.0,a red desk facing backwards,1.5792501329490718e-06,logic,0.0,a red fan facing to the left,2.4196751290454192e-05,logic,0.0,a red thing facing backwards,7.271998975369613e-11,logic,0.0
58,58,a red thing facing backwards,9.503124482365346e-11,logic,0.0,a grey desk facing to the left,2.757923411393258e-09,logic,0.0,a red thing facing forwards,6.797545243949961e-11,logic,0.0,a red fan facing forwards,4.19174684655945e-17,logic,0.0,a green thing facing forwards,3.3793956745605618e-12,logic,0.0,a red fan,0.011550926347328221,logic,0.060377683967604,a red fan facing forwards,5.026789405691466e-08,logic,0.0
59,59,a red fan facing forwards,2.9573520285066106e-08,logic,0.0,a grey desk,2.3651358989478587e-05,logic,0.0,a red thing facing to the left,1.853509956343632e-11,logic,0.0,a red fan facing to the left,3.375997060989505e-17,logic,0.0,a green thing facing to the left,9.579790965412238e-10,logic,0.0,a red fan facing backwards,0.006679771821532348,logic,0.02089996752724754,a red fan facing to the left,5.137130977407462e-08,logic,0.0
60,60,a red fan facing to the left,9.915566921346852e-09,logic,0.0,a grey desk facing backwards,2.7542856701797587e-09,logic,0.0,a red thing,4.894650870218876e-07,logic,0.02383368477880427,a red fan,2.8791657792531418e-15,logic,0.0,a green thing,3.974124588538169e-08,logic,0.0,a red desk facing forwards,3.755327688056372e-06,logic,0.0,a red fan,6.812560934886095e-06,logic,0.0
61,61,a red fan,1.8284401031524863e-06,logic,0.0,a red thing facing forwards,3.859273034787095e-12,logic,0.0,a red thing facing backwards,5.1824456039323274e-08,logic,0.00936323330595882,a red fan facing backwards,1.1214664148001375e-15,logic,0.0,a green thing facing backwards,2.9553750075159075e-12,logic,0.0,a red desk facing to the left,1.7727209142066716e-06,logic,0.0,a red fan facing backwards,3.484456827333962e-06,logic,0.0
62,62,a red fan facing backwards,9.502645376964673e-07,logic,0.0,a red thing facing to the left,9.56272504650005e-13,logic,0.0,a red fan facing forwards,4.266919120674674e-07,logic,0.0,a red desk facing forwards,1.8299206319260345e-15,logic,0.0,a green fan facing forwards,1.570771795919522e-07,logic,0.0,a red desk,0.0006390337315669304,logic,0.0,a red desk facing forwards,7.314800393451214e-08,logic,0.0
63,63,a red desk facing forwards,4.38498883663084e-07,logic,0.0,a red thing,5.677527107857445e-10,logic,0.0,a red fan facing to the left,6.049161594886678e-07,logic,0.0,a red desk facing to the left,4.478020032022781e-16,logic,0.0,a green fan facing to the left,6.648159288123602e-05,logic,0.0,a red desk facing backwards,0.00026009295573657405,logic,0.0,a red desk facing to the left,1.0960471439229682e-08,logic,0.0
64,64,a red desk facing to the left,7.40326869028937e-08,logic,0.0,a red thing facing backwards,6.571638052990758e-11,logic,0.0,a red fan,0.0004313144560983524,logic,0.0,a red desk,7.37601896149039e-14,logic,0.0,a green fan,0.0002954896663135925,logic,0.0,a green thing facing forwards,3.7531250776546126e-12,logic,0.0,a red desk,3.278117701772709e-06,logic,0.0
65,65,a red desk,3.147075055046894e-05,logic,0.0,a red fan facing forwards,1.2737048299169126e-08,logic,0.0,a red fan facing backwards,0.00014412490891730392,logic,0.0,a red desk facing backwards,2.7498579553862678e-14,logic,0.0,a green fan facing backwards,4.250459478872833e-08,logic,0.0,a green thing facing to the left,1.4959593108362967e-09,logic,0.0,a red desk facing backwards,8.902145498608937e-07,logic,0.0
66,66,a red desk facing backwards,1.7209981404945406e-05,logic,0.0,a red fan facing to the left,5.987569252793287e-09,logic,0.0,a red desk facing forwards,6.474386041782079e-05,logic,0.0,a green thing facing forwards,3.1572192362697806e-20,logic,0.0,a green desk facing forwards,2.3840473289534136e-07,logic,0.0,a green thing,2.4137298051430532e-08,logic,0.0,a green thing facing forwards,9.63691601259039e-12,logic,0.0
67,67,a green thing facing forwards,1.129612490559803e-12,logic,0.0,a red fan,5.399592616926509e-07,logic,0.0,a red desk facing to the left,6.286409086749434e-05,logic,0.0,a green thing facing to the left,3.353714010976206e-17,logic,0.008191535551878315,a green desk facing to the left,1.4193191252052816e-05,logic,0.0,a green thing facing backwards,1.604659069463986e-11,logic,0.0,a green thing facing to the left,1.2903757676790612e-08,logic,0.00820310846933904
68,68,a green thing facing to the left,3.332172938371731e-10,logic,0.0,a red fan facing backwards,2.1511303793338854e-07,logic,0.0,a red desk,0.1634263903948459,logic,0.05243410651336939,a green thing,1.6534982595427205e-15,logic,0.02016377982000816,a green desk,0.00011327054840427557,logic,0.0,a green fan facing forwards,6.862790494305537e-08,logic,0.0,a green thing,3.4675751771304277e-07,logic,0.020192267001449944
69,69,a green thing,6.347160901821939e-09,logic,0.0,a red desk facing forwards,3.730968682283857e-07,logic,0.0,a red desk facing backwards,0.07123683380101002,logic,0.01942003944939607,a green thing facing backwards,4.022401658217084e-20,logic,0.0,a green desk facing backwards,1.1158044937121008e-07,logic,0.0,a green fan facing to the left,2.6924985888133147e-05,logic,0.0,a green thing facing backwards,1.3211001147008503e-11,logic,0.0
70,70,a green thing facing backwards,3.6080163660846988e-12,logic,0.0,a red desk facing to the left,4.82751150373929e-08,logic,0.0,a green thing facing forwards,1.3699202092015444e-12,logic,0.0,a green fan facing forwards,2.861872605097907e-17,logic,0.0,a thing facing forwards,2.2248109510023907e-10,logic,0.008078620796843895,a green fan,6.362847124891375e-05,logic,0.0,a green fan facing forwards,5.220321275470257e-07,logic,0.0
71,71,a green fan facing forwards,1.9029238524401976e-08,logic,0.0,a red desk,8.57147868456395e-06,logic,0.0,a green thing facing to the left,4.006620100077492e-10,logic,0.0,a green fan facing to the left,4.558896363990738e-14,logic,0.0,a thing facing to the left,5.022735831141106e-13,logic,0.0,a green fan facing backwards,1.0901681284062849e-07,logic,0.0,a green fan facing to the left,0.0008235098729876164,logic,0.01749996473458995
72,72,a green fan facing to the left,8.725537505180056e-06,logic,0.0,a red desk facing backwards,3.5354721167293313e-06,logic,0.0,a green thing,1.2053080760646014e-08,logic,0.0,a green fan,3.048249750405707e-13,logic,0.0,a thing,1.2558446710064667e-07,logic,0.011376017040453646,a green desk facing forwards,1.6115943353393559e-07,logic,0.0,a green fan,0.0051198497847631625,logic,0.047727176548881686
73,73,a green fan,2.3282838636954293e-05,logic,0.0,a green thing facing forwards,2.436846573274319e-12,logic,0.0,a green thing facing backwards,5.105077281761142e-12,logic,0.0,a green fan facing backwards,1.8047538777694923e-17,logic,0.0,a thing facing backwards,5.316573514271156e-13,logic,0.0,a green desk facing to the left,6.72372068059426e-06,logic,0.0,a green fan facing backwards,2.3714921002470302e-07,logic,0.0
74,74,a green fan facing backwards,2.6107551607192035e-08,logic,0.0,a green thing facing to the left,7.845148272013819e-10,logic,0.0,a green fan facing forwards,1.0271253334027915e-08,logic,0.0,a green desk facing forwards,1.442763315889122e-14,logic,0.0,a fan facing forwards,0.0003687704328031605,logic,0.026544039761058506,a green desk,2.9884699135533277e-05,logic,0.0,a green desk facing forwards,6.05369229789998e-07,logic,0.0
75,75,a green desk facing forwards,2.5276534673370186e-07,logic,0.0,a green thing,1.1919064812295388e-08,logic,0.0,a green fan facing to the left,5.44567884225203e-06,logic,0.0,a green desk facing to the left,1.477639068557075e-11,logic,0.01691155726839394,a fan facing to the left,4.7193381120883176e-07,logic,0.0,a green desk facing backwards,5.095814342100264e-07,logic,0.0,a green desk facing to the left,0.00024758246562961157,logic,0.0
76,76,a green desk facing to the left,3.247630477114717e-05,logic,0.0,a green thing facing backwards,6.608564147762663e-12,logic,0.0,a green fan,2.119275862189878e-05,logic,0.0,a green desk,7.373329532131935e-11,logic,0.04368818961001768,a fan,0.0032794946735223178,logic,0.037161655665481914,a thing facing forwards,1.5371399167051727e-11,logic,0.0,a green desk,0.0015564408068369302,logic,0.0
77,77,a green desk,8.692734541870529e-05,logic,0.0,a green fan facing forwards,1.8099474162902082e-08,logic,0.0,a green fan facing backwards,1.5877205841465105e-08,logic,0.0,a green desk facing backwards,5.376220446620373e-15,logic,0.0,a fan facing backwards,1.9895311899137978e-07,logic,0.0,a thing facing to the left,5.7902912755457626e-12,logic,0.0,a green desk facing backwards,5.326675188268962e-07,logic,0.0
78,78,a green desk facing backwards,2.600999766103695e-07,logic,0.0,a green fan facing to the left,9.074619291263861e-06,logic,0.0,a green desk facing forwards,2.9886334827052394e-08,logic,0.0,a thing facing forwards,2.879695212334939e-21,logic,0.0,a desk facing forwards,9.21988035913014e-06,logic,0.0,a thing,1.7862965169918357e-07,logic,0.011089778687927264,a thing facing forwards,8.215325133387152e-13,logic,0.0
79,79,a thing facing forwards,1.4713598017780505e-09,logic,0.007679578354714246,a green fan,2.8493854391257304e-05,logic,0.0,a green desk facing to the left,6.166021150901438e-06,logic,0.0,a thing facing to the left,2.7609414540974067e-18,logic,0.01008188991000408,a desk facing to the left,1.1650519359144487e-07,logic,0.0,a thing facing backwards,2.499361246013329e-09,logic,0.011320815743925749,a thing facing to the left,1.3367557716433093e-09,logic,0.010096133500724972
80,80,a thing facing to the left,9.144701055659863e-14,logic,0.0,a green fan facing backwards,2.3501578249758827e-08,logic,0.0,a green desk,3.135266458995767e-05,logic,0.0,a thing,4.581730680494917e-16,logic,0.010699148475922696,a desk,0.00010673326331995843,logic,0.0,a fan facing forwards,5.7463443345323e-06,logic,0.0,a thing,1.1204400547475396e-07,logic,0.010714264123218336
81,81,a thing,2.564957050256901e-07,logic,0.010814100132148632,a green desk facing forwards,6.896124149012673e-08,logic,0.0,a green desk facing backwards,4.349531002439276e-08,logic,0.0,a thing facing backwards,5.2716557310661575e-21,logic,0.0,a desk facing backwards,1.8510333102549434e-07,logic,0.0,a fan facing to the left,5.279844670952167e-06,logic,0.0,a thing facing backwards,1.410127837769403e-12,logic,0.0
82,82,a thing facing backwards,6.393269977133101e-13,logic,0.0,a green desk facing to the left,1.4487930167576345e-05,logic,0.0,a thing facing forwards,2.29187973069218e-12,logic,0.0,a fan facing forwards,6.1659507352798516e-18,logic,0.0,a blue thing facing forwards,2.7620310554557677e-08,logic,0.00995401491039694,a fan,0.001827750926105999,logic,0.0362266103805624,a fan facing forwards,7.471345708609627e-08,logic,0.0
83,83,a fan facing forwards,4.749555682538678e-08,logic,0.0,a green desk,5.5514824797330035e-05,logic,0.0,a thing facing to the left,5.182887135876727e-13,logic,0.0,a fan facing to the left,3.0482640906886886e-15,logic,0.0,a blue thing facing to the left,3.811082496610481e-12,logic,0.0,a fan facing backwards,0.000847236365102032,logic,0.024699961623110726,a fan facing to the left,0.00018306528856460626,logic,0.02187495591823744
84,84,a fan facing to the left,7.088634223280951e-09,logic,0.0,a green desk facing backwards,8.358264384323156e-08,logic,0.0,a thing,3.429344118861954e-07,logic,0.010700838063952936,a fan,9.979024738301882e-15,logic,0.0,a blue thing,2.653243321538337e-07,logic,0.023226034790926196,a desk facing forwards,3.7750625140497245e-06,logic,0.0,a fan,0.0005023425842650127,logic,0.0349999294691799
85,85,a fan,4.4319920641791423e-07,logic,0.0,a thing facing forwards,2.609564798834069e-10,logic,0.007387712744690189,a thing facing backwards,9.724195654451792e-10,logic,0.010923772190285288,a fan facing backwards,7.611551552877743e-18,logic,0.0,a blue thing facing backwards,3.7994861516043634e-11,logic,0.0,a desk facing to the left,3.9622255246570827e-07,logic,0.0,a fan facing backwards,5.3076669591841524e-08,logic,0.0
86,86,a fan facing backwards,2.7125250282642024e-08,logic,0.0,a thing facing to the left,2.2060375191539937e-13,logic,0.0,a fan facing forwards,7.149353892877562e-08,logic,0.0,a desk facing forwards,1.062107140827314e-15,logic,0.0,a blue fan facing forwards,0.01058777220125679,logic,0.021439416730085724,a desk,9.001233463814433e-05,logic,0.0,a desk facing forwards,4.915462812086405e-07,logic,0.0
87,87,a desk facing forwards,0.0011307186486431548,logic,0.012042975147165524,a thing,6.479668454304333e-08,logic,0.010403105701706591,a fan facing to the left,6.163716080149412e-08,logic,0.0,a desk facing to the left,1.6407051128671884e-12,logic,0.020970331012808485,a blue fan facing to the left,3.607679578087656e-06,logic,0.0,a desk facing backwards,1.993193142546712e-05,logic,0.0,a desk facing to the left,9.418842425931433e-06,logic,0.0
88,88,a desk facing to the left,4.564389460489839e-08,logic,0.0,a thing facing backwards,2.5043398539598453e-13,logic,0.0,a fan,1.1021827865911777e-05,logic,0.0,a desk,4.641445845603642e-12,logic,0.02184409480500884,a blue fan,0.023159456123499473,logic,0.055742483498222875,a blue thing facing forwards,1.6809195826437584e-09,logic,0.0,a desk,5.920405363376798e-05,logic,0.0
89,89,a desk,0.006072067400752805,logic,0.022078787769803456,a fan facing forwards,1.7193024448346008e-06,logic,0.0,a fan facing backwards,3.4438318908502265e-06,logic,0.0,a desk facing backwards,4.393552049634994e-16,logic,0.0,a blue fan facing backwards,2.854159852750051e-06,logic,0.0,a blue thing facing to the left,1.1253631850917838e-12,logic,0.0,a desk facing backwards,6.756860554672634e-07,logic,0.0
90,90,a desk facing backwards,8.325465297834437e-08,logic,0.0,a fan facing to the left,5.440361895752682e-08,logic,0.0,a desk facing forwards,2.714191877474817e-06,logic,0.0,a blue thing facing forwards,8.330335223925947e-18,logic,0.0,a blue desk facing forwards,0.00024379677207362485,logic,0.0,a blue thing,9.757038607151107e-09,logic,0.0,a blue thing facing forwards,5.356702544236826e-10,logic,0.0
91,91,a blue thing facing forwards,8.762828798386734e-10,logic,0.0,a fan,1.6409900468044264e-05,logic,0.0,a desk facing to the left,2.941993365822456e-06,logic,0.0,a blue thing facing to the left,2.5074680784621296e-18,logic,0.0,a blue desk facing to the left,4.695347494820446e-07,logic,0.0,a blue thing facing backwards,1.7286352860253694e-11,logic,0.0,a blue thing facing to the left,2.58308802518411e-11,logic,0.0
92,92,a blue thing facing to the left,1.0070527249308564e-11,logic,0.0,a fan facing backwards,1.1743059587759289e-07,logic,0.0,a desk,0.003785270531214471,logic,0.021847544380570575,a blue thing,1.2035336334490396e-16,logic,0.0,a blue desk,0.0013175859348752408,logic,0.0,a blue fan facing forwards,9.364801849949258e-05,logic,0.0,a blue thing,8.3471342884031e-09,logic,0.0
93,93,a blue thing,7.89957617470626e-09,logic,0.0,a desk facing forwards,0.00014913290503470965,logic,0.01158527680417325,a desk facing backwards,0.0009260828684466702,logic,0.022797437614508427,a blue thing facing backwards,9.064419206666068e-19,logic,0.0,a blue desk facing backwards,5.106170381815874e-07,logic,0.0,a blue fan facing to the left,1.7234043296936695e-07,logic,0.0,a blue thing facing backwards,5.56581723077818e-11,logic,0.0
94,94,a blue thing facing backwards,2.9319164330938036e-11,logic,0.0,a desk facing to the left,6.525060600457875e-08,logic,0.0,a blue thing facing forwards,4.168904513005045e-10,logic,0.0,a blue fan facing forwards,4.782897680827164e-14,logic,0.0,"a large, grey thing facing forwards",8.022700982741155e-12,logic,0.0,a blue fan,0.0001490253128753121,logic,0.0,a blue fan facing forwards,2.27010664451848e-05,logic,0.0
95,95,a blue fan facing forwards,2.3852108297103653e-06,logic,0.0,a desk,0.0014027394313559705,logic,0.021239674140984294,a blue thing facing to the left,4.820197292872853e-12,logic,0.0,a blue fan facing to the left,4.019942220278596e-15,logic,0.0,"a large, grey thing",4.4661084904481736e-11,logic,0.0,a blue fan facing backwards,2.0865606975960268e-07,logic,0.0,a blue fan facing to the left,5.445074027596659e-07,logic,0.0
96,96,a blue fan facing to the left,4.0516921139057435e-08,logic,0.0,a desk facing backwards,3.0519294262129676e-08,logic,0.0,a blue thing,1.2890018367256328e-08,logic,0.0,a blue fan,1.378350345833782e-13,logic,0.0,"a large, grey thing facing backwards",9.016057647776189e-15,logic,0.0,a blue desk facing forwards,9.11638723696252e-06,logic,0.0,a blue fan,5.935148819917316e-05,logic,0.0
97,97,a blue fan,5.52930458668944e-06,logic,0.0,a blue thing facing forwards,1.5872690909506084e-08,logic,0.009102717488993268,a blue thing facing backwards,5.604633653644931e-10,logic,0.0,a blue fan facing backwards,4.1852800563027044e-15,logic,0.0,"a large, grey fan facing forwards",5.871471273539931e-08,logic,0.0,a blue desk facing to the left,6.837625916503942e-08,logic,0.0,a blue fan facing backwards,1.2615197516731537e-06,logic,0.0
98,98,a blue fan facing backwards,1.2298374372152668e-07,logic,0.0,a blue thing facing to the left,4.899351731765224e-13,logic,0.0,a blue fan facing forwards,9.039992626072854e-06,logic,0.0,a blue desk facing forwards,2.1102610995280233e-13,logic,0.0,"a large, grey fan",1.1285912397800723e-07,logic,0.0,a blue desk,2.096568077861419e-05,logic,0.0,a blue desk facing forwards,4.223742938897376e-06,logic,0.0
99,99,a blue desk facing forwards,9.716923901966244e-05,logic,0.0,a blue thing,1.8527569383567884e-07,logic,0.021239674140984294,a blue fan facing to the left,2.5524976615012744e-07,logic,0.0,a blue desk facing to the left,7.368632873202391e-15,logic,0.0,"a large, grey fan facing backwards",1.0852054433439744e-09,logic,0.0,a blue desk facing backwards,2.2561014386316147e-07,logic,0.0,a blue desk facing to the left,5.9458698485614874e-08,logic,0.0
100,100,a blue desk facing to the left,2.644929272522694e-07,logic,0.0,a blue thing facing backwards,6.264576906848535e-12,logic,0.0,a blue fan,2.3817208335182865e-05,logic,0.0,a blue desk,6.127313229876886e-13,logic,0.0,"a large, grey desk facing forwards",2.682462701998416e-06,logic,0.0,"a large, grey thing facing forwards",2.8859330645389687e-11,logic,0.0,a blue desk,2.032982360624267e-05,logic,0.0
101,101,a blue desk,0.0002377185672756597,logic,0.0,a blue fan facing forwards,1.5181533159515137e-06,logic,0.0,a blue fan facing backwards,1.215389564330038e-06,logic,0.0,a blue desk facing backwards,7.714252503909237e-15,logic,0.0,"a large, grey desk",5.353734762355092e-06,logic,0.0,"a large, grey thing",1.505777502172329e-10,logic,0.0,a blue desk facing backwards,1.3892070418117142e-07,logic,0.0
102,102,a blue desk facing backwards,4.90586158662024e-07,logic,0.0,a blue fan facing to the left,6.9232433423562605e-09,logic,0.0,a blue desk facing forwards,1.9035168056829998e-05,logic,0.0,"a large, grey thing facing forwards",5.1453214804681175e-19,logic,0.0,"a large, grey desk facing backwards",3.786754839926582e-10,logic,0.0,"a large, grey thing facing backwards",1.0606218934356925e-13,logic,0.0,"a large, grey thing facing forwards",2.7034411138483857e-11,logic,0.0
103,103,"a large, grey thing facing forwards",1.0338738444961222e-08,logic,0.015139740185008086,a blue fan,6.627215330479656e-06,logic,0.0,a blue desk facing to the left,1.330691180293823e-07,logic,0.0,"a large, grey thing",3.186163170886618e-18,logic,0.0,"a large, red thing facing forwards",2.1500749137418044e-12,logic,0.0,"a large, grey fan facing forwards",4.644484470918271e-07,logic,0.0,"a large, grey thing",1.9958739972638727e-10,logic,0.0
104,104,"a large, grey thing",3.1308154241949443e-08,logic,0.027888995077646476,a blue fan facing backwards,5.181868590553762e-09,logic,0.0,a blue desk,4.9051184625074765e-05,logic,0.0,"a large, grey thing facing backwards",5.753384499663151e-22,logic,0.0,"a large, red thing",3.0492732069169453e-10,logic,0.0,"a large, grey fan",8.299832571211142e-07,logic,0.0,"a large, grey thing facing backwards",6.966562894691381e-14,logic,0.0
105,105,"a large, grey thing facing backwards",7.120654352708208e-13,logic,0.0,a blue desk facing forwards,0.020298445254468393,logic,0.018879710347541594,a blue desk facing backwards,1.6779607024246977e-06,logic,0.0,"a large, grey fan facing forwards",6.238564790568947e-17,logic,0.0,"a large, red thing facing backwards",9.241723961682418e-11,logic,0.0,"a large, grey fan facing backwards",1.0476648253408548e-07,logic,0.0,"a large, grey fan facing forwards",6.020391743138756e-07,logic,0.0
106,106,"a large, grey fan facing forwards",1.8190107755785087e-07,logic,0.0,a blue desk facing to the left,6.550377405380665e-07,logic,0.0,"a large, grey thing facing forwards",2.154559256207679e-11,logic,0.0,"a large, grey fan",1.7822936181708983e-16,logic,0.0,"a large, red fan facing forwards",5.839131514192904e-07,logic,0.0,"a large, grey desk facing forwards",5.9419529168549924e-06,logic,0.0,"a large, grey fan",1.0971568089667455e-06,logic,0.0
107,107,"a large, grey fan",3.5268867802054863e-07,logic,0.0,a blue desk,0.05930793821929992,logic,0.046341107216693,"a large, grey thing",8.626172035000905e-11,logic,0.0,"a large, grey fan facing backwards",9.500884209804946e-18,logic,0.0,"a large, red fan",7.071221300871059e-05,logic,0.0,"a large, grey desk",1.0219377014562546e-05,logic,0.0,"a large, grey fan facing backwards",2.9371042907646766e-08,logic,0.0
108,108,"a large, grey fan facing backwards",4.122644301387749e-09,logic,0.0,a blue desk facing backwards,1.3898288584256024e-06,logic,0.0,"a large, grey thing facing backwards",5.6620955733882205e-14,logic,0.0,"a large, grey desk facing forwards",9.927038080517585e-13,logic,0.0,"a large, red fan facing backwards",5.008674077345268e-05,logic,0.0,"a large, grey desk facing backwards",1.394382082943289e-09,logic,0.0,"a large, grey desk facing forwards",2.5372541579447762e-05,logic,0.0
109,109,"a large, grey desk facing forwards",0.3112474306106021,logic,0.015585026661037737,"a large, grey thing facing forwards",7.557502307136493e-12,logic,0.0,"a large, grey fan facing forwards",4.63347703721492e-09,logic,0.0,"a large, grey desk",2.0232277253411954e-12,logic,0.0,"a large, red desk facing forwards",7.541164383405796e-07,logic,0.0,"a large, red thing facing forwards",2.7042557938657072e-11,logic,0.0,"a large, grey desk",4.329966000878865e-05,logic,0.0
110,110,"a large, grey desk",0.4397443635156109,logic,0.029438383693071276,"a large, grey thing",3.816772901632489e-11,logic,0.0,"a large, grey fan",1.7293452859965095e-08,logic,0.0,"a large, grey desk facing backwards",6.635194839963123e-17,logic,0.0,"a large, red desk",1.505012998299639e-05,logic,0.0,"a large, red thing",4.2071432098337467e-08,logic,0.015094420991901,"a large, grey desk facing backwards",3.315223464432715e-09,logic,0.0
111,111,"a large, grey desk facing backwards",1.6225597619279275e-06,logic,0.0,"a large, grey thing facing backwards",4.2949073069350615e-15,logic,0.0,"a large, grey fan facing backwards",5.547217370247359e-09,logic,0.0,"a large, red thing facing forwards",1.3276521076563525e-20,logic,0.0,"a large, red desk facing backwards",7.847199915525897e-06,logic,0.0,"a large, red thing facing backwards",1.8701017277416656e-08,logic,0.007762845081549086,"a large, red thing facing forwards",5.479001901416965e-12,logic,0.0
112,112,"a large, red thing facing forwards",2.5691489016395558e-14,logic,0.0,"a large, grey fan facing forwards",9.562849080912541e-10,logic,0.0,"a large, grey desk facing forwards",6.992830176966176e-06,logic,0.0,"a large, red thing",3.764241569262466e-18,logic,0.0,"a large, green thing facing forwards",1.4265884701625687e-11,logic,0.0,"a large, red fan facing forwards",0.0003807222571994743,logic,0.0,"a large, red thing",2.3444511834604853e-09,logic,0.0
113,113,"a large, red thing",3.5441139632667268e-12,logic,0.0,"a large, grey fan",2.2154874004722794e-09,logic,0.0,"a large, grey desk",1.243125903743354e-05,logic,0.0,"a large, red thing facing backwards",7.755663821767635e-19,logic,0.0,"a large, green thing",2.958525099815169e-10,logic,0.0,"a large, red fan",0.4479299610815086,logic,0.03396244723177725,"a large, red thing facing backwards",6.775433993430396e-10,logic,0.0
114,114,"a large, red thing facing backwards",1.1601185671458453e-12,logic,0.0,"a large, grey fan facing backwards",2.2607518630891803e-10,logic,0.0,"a large, grey desk facing backwards",1.0903926403244163e-09,logic,0.0,"a large, red fan facing forwards",2.5638020304107693e-16,logic,0.0,"a large, green thing facing backwards",2.224138317239059e-12,logic,0.0,"a large, red fan facing backwards",0.355641103230741,logic,0.01646664108207382,"a large, red fan facing forwards",2.3886621433398153e-06,logic,0.0
115,115,"a large, red fan facing forwards",6.670084301580676e-10,logic,0.0,"a large, grey desk facing forwards",5.897358626350202e-06,logic,0.0,"a large, red thing facing forwards",2.269534587278271e-11,logic,0.0,"a large, red fan",2.145279155259712e-14,logic,0.0,"a large, green fan facing forwards",2.3022162215703084e-07,logic,0.0,"a large, red desk facing forwards",4.0716705159497506e-05,logic,0.0,"a large, red fan",0.0007025243384218468,logic,0.0
116,116,"a large, red fan",1.8668050519852924e-08,logic,0.0,"a large, grey desk",9.552951279691286e-06,logic,0.0,"a large, red thing",4.5963604593655846e-08,logic,0.014565029587047052,"a large, red fan facing backwards",1.436579434221332e-14,logic,0.0,"a large, green fan",5.953960395422325e-06,logic,0.0,"a large, red desk",0.001615056360992217,logic,0.0,"a large, red fan facing backwards",0.0005868422444009886,logic,0.0
117,117,"a large, red fan facing backwards",1.3078766240580259e-08,logic,0.0,"a large, grey desk facing backwards",8.712156527564918e-10,logic,0.0,"a large, red thing facing backwards",1.8497867993770045e-08,logic,0.007490586644767055,"a large, red desk facing forwards",3.3384530473742014e-14,logic,0.0,"a large, green fan facing backwards",5.432129322131117e-08,logic,0.0,"a large, red desk facing backwards",0.0011409578167229616,logic,0.0,"a large, red desk facing forwards",4.249423136937508e-06,logic,0.0
118,118,"a large, red desk facing forwards",9.68578561801308e-08,logic,0.0,"a large, red thing facing forwards",1.0782460080530981e-13,logic,0.0,"a large, red fan facing forwards",1.0713640429214802e-06,logic,0.0,"a large, red desk",3.3785500999324204e-12,logic,0.0,"a large, green desk facing forwards",4.4153487949993523e-07,logic,0.0,"a large, green thing facing forwards",4.928724842961679e-12,logic,0.0,"a large, red desk",0.00023953713155806065,logic,0.0
119,119,"a large, red desk",2.292817842606755e-06,logic,0.0,"a large, red thing",1.3073494566566028e-11,logic,0.0,"a large, red fan",0.00022534578111102198,logic,0.0,"a large, red desk facing backwards",2.242270048468715e-12,logic,0.0,"a large, green desk",3.1337009631302063e-06,logic,0.0,"a large, green thing",3.280375029120217e-10,logic,0.0,"a large, red desk facing backwards",0.00015853620565006024,logic,0.0
120,120,"a large, red desk facing backwards",1.686833200841743e-06,logic,0.0,"a large, red thing facing backwards",3.977316365280656e-12,logic,0.0,"a large, red fan facing backwards",0.0001528239330514343,logic,0.0,"a large, green thing facing forwards",3.638653329346677e-20,logic,0.0,"a large, green desk facing backwards",7.128560382301397e-08,logic,0.0,"a large, green thing facing backwards",8.090986146867017e-12,logic,0.0,"a large, green thing facing forwards",1.6814365806200236e-12,logic,0.0
121,121,"a large, green thing facing forwards",4.391309091875149e-14,logic,0.0,"a large, red fan facing forwards",3.4745122661584572e-09,logic,0.0,"a large, red desk facing forwards",0.00016941915086267722,logic,0.0,"a large, green thing",2.996939298466124e-18,logic,0.0,a large thing facing forwards,1.5819239961730222e-10,logic,0.006407182011289985,"a large, green fan facing forwards",4.661219601736964e-08,logic,0.0,"a large, green thing",2.8496806238752536e-10,logic,0.0
122,122,"a large, green thing",5.2664211851077605e-12,logic,0.0,"a large, red fan",9.710376941056219e-08,logic,0.0,"a large, red desk",0.4537147974688252,logic,0.030843592066687874,"a large, green thing facing backwards",2.1815841807703997e-20,logic,0.0,a large thing,9.971643780383034e-08,logic,0.008575766692034288,"a large, green fan",4.693412184047305e-06,logic,0.0,"a large, green thing facing backwards",1.7168514163478898e-12,logic,0.0
123,123,"a large, green thing facing backwards",6.027849450588493e-14,logic,0.0,"a large, red fan facing backwards",6.659824968750909e-08,logic,0.0,"a large, red desk facing backwards",0.29346517179545184,logic,0.015421796033343937,"a large, green fan facing forwards",1.870671841302623e-17,logic,0.0,a large thing facing backwards,2.30199842930279e-13,logic,0.0,"a large, green fan facing backwards",8.460138464364645e-08,logic,0.0,"a large, green fan facing forwards",2.9007274341582584e-08,logic,0.0
124,124,"a large, green fan facing forwards",1.4765037287814369e-10,logic,0.0,"a large, red desk facing forwards",3.554917553309595e-07,logic,0.0,"a large, green thing facing forwards",1.2729277653420046e-12,logic,0.0,"a large, green fan",4.334175978704881e-15,logic,0.0,a large fan facing forwards,0.0033061807522875657,logic,0.020645364258601064,"a large, green desk facing forwards",4.0231018659908517e-07,logic,0.0,"a large, green fan",4.852216078304194e-06,logic,0.0
125,125,"a large, green fan",1.8652034477889363e-08,logic,0.0,"a large, red desk",1.2445621559234702e-05,logic,0.0,"a large, green thing",5.339496023404635e-11,logic,0.0,"a large, green fan facing backwards",2.122759105030451e-17,logic,0.0,a large fan,0.008548080004208381,logic,0.025337492499192215,"a large, green desk",3.188138798574715e-06,logic,0.0,"a large, green fan facing backwards",2.1091028380835273e-08,logic,0.0
126,126,"a large, green fan facing backwards",2.006699116115248e-10,logic,0.0,"a large, red desk facing backwards",8.374613594170404e-06,logic,0.0,"a large, green thing facing backwards",3.1378606749472314e-12,logic,0.0,"a large, green desk facing forwards",3.2143071492198995e-15,logic,0.0,a large fan facing backwards,1.8561889838295873e-06,logic,0.0,"a large, green desk facing backwards",3.2201976508266117e-07,logic,0.0,"a large, green desk facing forwards",2.697430626719887e-07,logic,0.0
127,127,"a large, green desk facing forwards",1.2166389825127756e-07,logic,0.0,"a large, green thing facing forwards",1.497602537347463e-12,logic,0.0,"a large, green fan facing forwards",2.4971812036330854e-09,logic,0.0,"a large, green desk",9.133322906261023e-14,logic,0.0,a large desk facing forwards,2.120005260014161e-05,logic,0.0,a large thing facing forwards,1.0375407731841189e-11,logic,0.0,"a large, green desk",4.378163887123597e-06,logic,0.0
128,128,"a large, green desk",1.8928298706590165e-06,logic,0.0,"a large, green thing",1.6605826596870203e-10,logic,0.0,"a large, green fan",2.2749479867753985e-07,logic,0.0,"a large, green desk facing backwards",1.0260539716237556e-15,logic,0.0,a large desk,0.00010304925970903272,logic,0.0,a large thing,1.0950822325487749e-07,logic,0.008359987010899017,"a large, green desk facing backwards",1.0561557534623454e-07,logic,0.0
129,129,"a large, green desk facing backwards",5.739820305663329e-08,logic,0.0,"a large, green thing facing backwards",1.5620675501329455e-12,logic,0.0,"a large, green fan facing backwards",5.8771834778068335e-09,logic,0.0,a large thing facing forwards,1.4032447208451414e-18,logic,0.0,a large desk facing backwards,2.6860759408815657e-07,logic,0.0,a large thing facing backwards,2.148444955803825e-09,logic,0.0090566525951406,a large thing facing forwards,2.788363915414448e-11,logic,0.0
130,130,a large thing facing forwards,1.3224702245840586e-09,logic,0.006090700074428541,"a large, green fan facing forwards",1.0347210137947007e-08,logic,0.0,"a large, green desk facing forwards",1.0530449164247676e-07,logic,0.0,a large thing,3.201125229446031e-17,logic,0.0,"a large, blue thing facing forwards",2.4324122831208746e-08,logic,0.007963211928317553,a large fan facing forwards,3.693943763095787e-05,logic,0.0,a large thing,3.189387022539334e-09,logic,0.0
131,131,a large thing,1.34319242377525e-07,logic,0.008152167791927432,"a large, green fan",1.0123618688630823e-06,logic,0.0,"a large, green desk",1.1416167337070553e-06,logic,0.0,a large thing facing backwards,2.1633698149963063e-19,logic,0.0,"a large, blue thing",7.427758354470171e-08,logic,0.01466907460479549,a large fan,0.0050943086946921845,logic,0.024699961623110726,a large thing facing backwards,3.9318034040242216e-11,logic,0.0
132,132,a large thing facing backwards,5.547687056938587e-13,logic,0.0,"a large, green fan facing backwards",1.4560822269319325e-08,logic,0.0,"a large, green desk facing backwards",1.4311729597114666e-07,logic,0.0,a large fan facing forwards,8.317733254457763e-17,logic,0.0,"a large, blue thing facing backwards",7.848313556313362e-12,logic,0.0,a large fan facing backwards,0.0034366684548438964,logic,0.019407112703872714,a large fan facing forwards,6.039118171557366e-06,logic,0.0
133,133,a large fan facing forwards,1.8184409433303814e-08,logic,0.0,"a large, green desk facing forwards",4.586177264320513e-07,logic,0.0,a large thing facing forwards,1.6795853980030597e-12,logic,0.0,a large fan,4.072371660309524e-16,logic,0.0,"a large, blue fan facing forwards",0.33395527141257875,logic,0.01689166166612814,a large desk facing forwards,7.751423285676804e-06,logic,0.0,a large fan,6.22961144486247e-05,logic,0.0
134,134,a large fan,4.625315797634482e-08,logic,0.0,"a large, green desk",9.634967009622718e-06,logic,0.0,a large thing,9.288445938478013e-08,logic,0.008066785617441445,a large fan facing backwards,6.801748764456521e-17,logic,0.0,"a large, blue fan",0.5114217444150793,logic,0.032789696175425216,a large desk,6.850742822393298e-05,logic,0.0,a large fan facing backwards,2.1632318165881644e-05,logic,0.0
135,135,a large fan facing backwards,4.443253250759317e-09,logic,0.0,"a large, green desk facing backwards",2.4929572542783464e-07,logic,0.0,a large thing facing backwards,7.326123170144925e-10,logic,0.008739017752228231,a large desk facing forwards,4.3372567275383607e-13,logic,0.0,"a large, blue fan facing backwards",1.442418280012381e-05,logic,0.0,a large desk facing backwards,3.378064625308158e-05,logic,0.0,a large desk facing forwards,9.729735522160696e-06,logic,0.0
136,136,a large desk facing forwards,0.006802705326398203,logic,0.009462337615630053,a large thing facing forwards,6.775516118846157e-10,logic,0.0058592204526853224,a large fan facing forwards,3.476432299542097e-07,logic,0.0,a large desk,1.1931933577639346e-12,logic,0.0,"a large, blue desk facing forwards",0.001050008361513432,logic,0.0,"a large, blue thing facing forwards",2.220984875154978e-10,logic,0.0,a large desk,3.715509974009033e-05,logic,0.0
137,137,a large desk,0.014836718005100473,logic,0.014719191846535638,a large thing,5.7421135946312404e-08,logic,0.00784234122128651,a large fan,1.5254777399227383e-05,logic,0.0,a large desk facing backwards,3.665300789504606e-14,logic,0.0,"a large, blue desk",0.0018255573943801084,logic,0.0,"a large, blue thing",5.725698724518297e-10,logic,0.0,a large desk facing backwards,2.3609774846762135e-06,logic,0.0
138,138,a large desk facing backwards,7.526967344892965e-07,logic,0.0,a large thing facing backwards,3.252610212028082e-13,logic,0.0,a large fan facing backwards,9.04523584096614e-06,logic,0.0,"a large, blue thing facing forwards",7.473818740097681e-18,logic,0.0,"a large, blue desk facing backwards",8.266408841476815e-07,logic,0.0,"a large, blue thing facing backwards",1.797337671026711e-12,logic,0.0,"a large, blue thing facing forwards",7.188158685320347e-10,logic,0.0
139,139,"a large, blue thing facing forwards",2.355600432572801e-11,logic,0.0,a large fan facing forwards,2.3983329164430736e-06,logic,0.0,a large desk facing forwards,1.1463336145186896e-05,logic,0.0,"a large, blue thing",3.142792470996784e-17,logic,0.0,"a small, grey thing facing to the left",5.663155993352788e-13,logic,0.0,"a large, blue fan facing forwards",7.360688722993327e-05,logic,0.0,"a large, blue thing",2.8968225038369706e-09,logic,0.0
140,140,"a large, blue thing",4.746759066277969e-11,logic,0.0,a large fan,5.892456397942961e-06,logic,0.0,a large desk,0.006631627176385912,logic,0.014565029587047052,"a large, blue thing facing backwards",1.5228177006519527e-19,logic,0.0,"a small, grey thing",1.4082158766689402e-11,logic,0.0,"a large, blue fan",9.343302925378544e-05,logic,0.0,"a large, blue thing facing backwards",7.646757595316948e-12,logic,0.0
141,141,"a large, blue thing facing backwards",1.1532698943418564e-13,logic,0.0,a large fan facing backwards,2.2603327727222405e-07,logic,0.0,a large desk facing backwards,0.0028815940085292736,logic,0.01808072638392048,"a large, blue fan facing forwards",3.025485859965072e-13,logic,0.0,"a small, grey fan facing to the left",3.162869244578334e-08,logic,0.0,"a large, blue fan facing backwards",1.215034327841088e-07,logic,0.0,"a large, blue fan facing forwards",0.0005267900117980966,logic,0.0
142,142,"a large, blue fan facing forwards",1.7378356052305633e-07,logic,0.0,a large desk facing forwards,0.002327559966102159,logic,0.009102717488993268,"a large, blue thing facing forwards",1.3836337353153009e-11,logic,0.0,"a large, blue fan",4.754141080411032e-13,logic,0.0,"a small, grey fan",8.45546681100879e-08,logic,0.0,"a large, blue desk facing forwards",7.682656174777356e-06,logic,0.0,"a large, blue fan",0.0006755453369389084,logic,0.0
143,143,"a large, blue fan",2.4289898865508974e-07,logic,0.0,a large desk,0.007742899960228211,logic,0.014159782760656195,"a large, blue thing",6.563709948405235e-11,logic,0.0,"a large, blue fan facing backwards",2.859769275433178e-15,logic,0.0,"a small, grey desk facing to the left",1.3993875241222704e-08,logic,0.0,"a large, blue desk",1.060585751799341e-05,logic,0.0,"a large, blue fan facing backwards",7.169028126034238e-07,logic,0.0
144,144,"a large, blue fan facing backwards",2.4401738130290044e-09,logic,0.0,a large desk facing backwards,5.934750597039066e-07,logic,0.0,"a large, blue thing facing backwards",3.655232352119653e-12,logic,0.0,"a large, blue desk facing forwards",5.364428619332884e-12,logic,0.0,"a small, grey desk",1.4798256792955863e-07,logic,0.0,"a large, blue desk facing backwards",7.71465946768692e-08,logic,0.0,"a large, blue desk facing forwards",0.00017873422214172944,logic,0.0
145,145,"a large, blue desk facing forwards",2.4668787423901173e-05,logic,0.0,"a large, blue thing facing forwards",9.22183562333965e-09,logic,0.007282173991194615,"a large, blue fan facing forwards",4.15873338748263e-07,logic,0.0,"a large, blue desk",8.799940250585205e-12,logic,0.0,"a small, red thing facing to the left",4.859776213097417e-14,logic,0.0,"a small, grey thing facing to the left",7.160287255413007e-13,logic,0.0,"a large, blue desk",0.0002451581982671049,logic,0.0
146,146,"a large, blue desk",3.601827197158547e-05,logic,0.0,"a large, blue thing",1.8194797911932787e-08,logic,0.013414531036411133,"a large, blue fan",6.48238648688357e-07,logic,0.0,"a large, blue desk facing backwards",1.0204686946471446e-14,logic,0.0,"a small, red thing",2.4444252596411645e-12,logic,0.0,"a small, grey thing",3.334562111841118e-11,logic,0.0,"a large, blue desk facing backwards",6.111584403473565e-07,logic,0.0
147,147,"a large, blue desk facing backwards",1.9760159859806426e-08,logic,0.0,"a large, blue thing facing backwards",8.556910120096114e-13,logic,0.0,"a large, blue fan facing backwards",4.427550162479878e-08,logic,0.0,"a small, grey thing facing to the left",9.079503145737733e-20,logic,0.0,"a small, red fan facing to the left",1.5274462437903338e-08,logic,0.0,"a small, grey fan facing to the left",4.0207217513841556e-08,logic,0.0,"a small, grey thing facing to the left",2.219366236735814e-11,logic,0.0
148,148,"a small, grey thing facing to the left",1.5988129541340449e-13,logic,0.0,"a large, blue fan facing forwards",3.464791116075749e-05,logic,0.0,"a large, blue desk facing forwards",5.523307443528948e-06,logic,0.0,"a small, grey thing",8.767724891985024e-19,logic,0.0,"a small, red fan",1.16656398521189e-07,logic,0.0,"a small, grey fan",1.7208554013724276e-07,logic,0.0,"a small, grey thing",2.658079740141818e-10,logic,0.0
149,149,"a small, grey thing",4.436110192781453e-11,logic,0.0,"a large, blue fan",6.609520512449928e-05,logic,0.0,"a large, blue desk",8.605824377581218e-06,logic,0.0,"a small, grey fan facing to the left",1.4014868429988275e-15,logic,0.0,"a small, red desk facing to the left",2.2239720301771944e-09,logic,0.0,"a small, grey desk facing to the left",1.7176081449427314e-08,logic,0.0,"a small, grey fan facing to the left",1.912291485700017e-06,logic,0.0
150,150,"a small, grey fan facing to the left",1.3646145963608499e-08,logic,0.0,"a large, blue fan facing backwards",4.3927669910471366e-08,logic,0.0,"a large, blue desk facing backwards",1.7121074688293684e-07,logic,0.0,"a small, grey fan",2.918499079852169e-15,logic,0.0,"a small, red desk",4.4786037302391136e-08,logic,0.0,"a small, grey desk",2.9436336873801333e-07,logic,0.0,"a small, grey fan",3.248639142064659e-06,logic,0.0
151,151,"a small, grey fan",3.0449437836014306e-08,logic,0.0,"a large, blue desk facing forwards",0.29964575208517213,logic,0.014992711158341856,"a small, grey thing facing to the left",5.68570432491202e-12,logic,0.0,"a small, grey desk facing to the left",8.408857086059335e-15,logic,0.0,"a small, green thing facing to the left",2.956539451999438e-10,logic,0.0,"a small, red thing facing to the left",1.985656712203894e-13,logic,0.0,"a small, grey desk facing to the left",2.4588977559991724e-07,logic,0.0
152,152,"a small, grey desk facing to the left",4.82171932767497e-08,logic,0.0,"a large, blue desk",0.6020529029218775,logic,0.02831956552131239,"a small, grey thing",3.370310588442763e-10,logic,0.0,"a small, grey desk",2.7885733563296763e-14,logic,0.0,"a small, green thing",1.028973723235329e-09,logic,0.0,"a small, red thing",2.7290443907195006e-11,logic,0.0,"a small, grey desk",1.9682582102372676e-06,logic,0.0
153,153,"a small, grey desk",3.634429060073671e-06,logic,0.0,"a large, blue desk facing backwards",2.5365287738757125e-06,logic,0.0,"a small, grey fan facing to the left",1.494760055488685e-07,logic,0.0,"a small, red thing facing to the left",8.768748401035294e-22,logic,0.0,"a small, green fan facing to the left",0.0001290477782013942,logic,0.0,"a small, red fan facing to the left",7.616466836595023e-08,logic,0.0,"a small, red thing facing to the left",2.6481471729503485e-13,logic,0.0
154,154,"a small, red thing facing to the left",2.544639149582175e-13,logic,0.0,"a small, grey thing facing to the left",3.568901896786586e-13,logic,0.0,"a small, grey fan",8.135380221061761e-07,logic,0.0,"a small, red thing",2.2088161578543256e-20,logic,0.0,"a small, green fan",0.00015398756576894218,logic,0.0,"a small, red fan",3.0444999917192164e-06,logic,0.0,"a small, red thing",7.713614260398648e-12,logic,0.0
155,155,"a small, red thing",2.078132178367161e-11,logic,0.0,"a small, grey thing",2.7752920459411036e-11,logic,0.0,"a small, grey desk facing to the left",2.0167342854628143e-07,logic,0.0,"a small, red fan facing to the left",3.156417220467841e-17,logic,0.0,"a small, green desk facing to the left",1.6257372683661638e-05,logic,0.0,"a small, red desk facing to the left",1.3549562499066823e-08,logic,0.0,"a small, red fan facing to the left",4.420837643179731e-08,logic,0.0
156,156,"a small, red fan facing to the left",4.666360763267353e-08,logic,0.0,"a small, grey fan facing to the left",1.7456164506585306e-08,logic,0.0,"a small, grey desk",5.660822813193302e-06,logic,0.0,"a small, red fan",9.640939443458283e-17,logic,0.0,"a small, green desk",2.475485213346627e-05,logic,0.0,"a small, red desk",3.569931391758658e-07,logic,0.0,"a small, red fan",1.8825929249488722e-07,logic,0.0
157,157,"a small, red fan",2.7290783272026245e-07,logic,0.0,"a small, grey fan",6.992361447212014e-08,logic,0.0,"a small, red thing facing to the left",5.280314261613503e-13,logic,0.0,"a small, red desk facing to the left",1.1068159254540685e-16,logic,0.0,a small thing facing to the left,5.272868508648471e-12,logic,0.0,"a small, green thing facing to the left",3.5136410020985415e-10,logic,0.0,"a small, red desk facing to the left",4.249141085350386e-09,logic,0.0
158,158,"a small, red desk facing to the left",5.980194341129066e-08,logic,0.0,"a small, grey desk facing to the left",1.0236340947501223e-08,logic,0.0,"a small, red thing",3.083146897012135e-10,logic,0.0,"a small, red desk",1.2085628146006048e-15,logic,0.0,a small thing,1.0809622575692687e-09,logic,0.0,"a small, green thing",1.036869202778134e-09,logic,0.0,"a small, red desk",8.68104147488698e-08,logic,0.0
159,159,"a small, red desk",1.7749588269637794e-06,logic,0.0,"a small, grey desk",7.088457996975892e-07,logic,0.0,"a small, red fan facing to the left",3.41376309256154e-07,logic,0.0,"a small, green thing facing to the left",2.279579553663437e-16,logic,0.00672125994000272,a small fan facing to the left,2.0372099037369472e-06,logic,0.0,"a small, green fan facing to the left",8.200344738572057e-05,logic,0.0,"a small, green thing facing to the left",8.36109690463418e-08,logic,0.00673075566714998
160,160,"a small, green thing facing to the left",9.42408227980788e-11,logic,0.0,"a small, red thing facing to the left",1.5581507739333936e-13,logic,0.0,"a small, red fan",1.2690565246453024e-06,logic,0.0,"a small, green thing",6.640414387405336e-16,logic,0.013106456883005305,a small fan,4.971248526881229e-06,logic,0.0,"a small, green fan",9.548613560234389e-05,logic,0.0,"a small, green thing",1.989590463005347e-07,logic,0.013124973550942463
161,161,"a small, green thing",3.872620179408829e-10,logic,0.0,"a small, red thing",1.463374616425338e-11,logic,0.0,"a small, red desk facing to the left",7.363566829643358e-07,logic,0.0,"a small, green fan facing to the left",2.9642031931582386e-12,logic,0.0,a small desk facing to the left,5.301178147515548e-07,logic,0.0,"a small, green desk facing to the left",2.4408493073314126e-05,logic,0.0,"a small, green fan facing to the left",0.44081980779678603,logic,0.014189160595613474
162,162,"a small, green fan facing to the left",2.3638621507835122e-05,logic,0.0,"a small, red fan facing to the left",1.1301372475589157e-08,logic,0.0,"a small, red desk",3.8171748563519646e-05,logic,0.0,"a small, green fan",4.520671940527239e-12,logic,0.0,a small desk,1.6466203008182522e-06,logic,0.0,"a small, green desk",3.466414659737143e-05,logic,0.0,"a small, green fan",0.509902891769107,logic,0.029166607890983246
163,163,"a small, green fan",3.0806121553102764e-05,logic,0.0,"a small, red fan",8.829703201005503e-08,logic,0.0,"a small, green thing facing to the left",1.8527731134794784e-09,logic,0.0,"a small, green desk facing to the left",1.6711126599745864e-09,logic,0.013796270403163476,"a small, blue thing facing to the left",3.8461322511674567e-13,logic,0.0,a small thing facing to the left,1.3945987657854291e-11,logic,0.0,"a small, green desk facing to the left",0.008735176880153768,logic,0.0
164,164,"a small, green desk facing to the left",6.861419519229058e-05,logic,0.0,"a small, red desk facing to the left",3.713926804547315e-08,logic,0.0,"a small, green thing",6.4291923095198125e-09,logic,0.0,"a small, green desk",2.8957683639858107e-09,logic,0.027592540806326952,"a small, blue thing",1.721345656478087e-11,logic,0.0,a small thing,1.6577594476467414e-09,logic,0.0,"a small, green desk",0.013626344686905755,logic,0.0
165,165,"a small, green desk",9.593264631241751e-05,logic,0.0,"a small, red desk",1.251125748463902e-06,logic,0.0,"a small, green fan facing to the left",0.00012854898019602523,logic,0.0,a small thing facing to the left,1.8636702430065492e-17,logic,0.008191535551878315,"a small, blue fan facing to the left",1.6288891266460034e-07,logic,0.0,a small fan facing to the left,2.8809136814408686e-06,logic,0.0,a small thing facing to the left,4.221819565898241e-09,logic,0.00820310846933904
166,166,a small thing facing to the left,4.435128801142604e-11,logic,0.0,"a small, green thing facing to the left",1.8203040772887604e-10,logic,0.0,"a small, green fan",0.000165531969902559,logic,0.0,a small thing,1.3460292309917031e-15,logic,0.02016377982000816,"a small, blue fan",5.985976995391611e-07,logic,0.0,a small fan,6.190260589503762e-06,logic,0.0,a small thing,2.0757400404260588e-07,logic,0.020192267001449944
167,167,a small thing,1.599115087045446e-09,logic,0.0,"a small, green thing",6.466525246250554e-10,logic,0.0,"a small, green desk facing to the left",0.0007784601082887091,logic,0.0,a small fan facing to the left,2.1673154030272566e-14,logic,0.0,"a small, blue desk facing to the left",2.118773131051428e-08,logic,0.0,a small desk facing to the left,4.6783231722308044e-07,logic,0.0,a small fan facing to the left,0.0009534660155580899,logic,0.01749996473458995
168,168,a small fan facing to the left,2.7143999466990743e-07,logic,0.0,"a small, green fan facing to the left",2.6933121025357207e-05,logic,0.0,"a small, green desk",0.0011253071562781524,logic,0.0,a small fan,4.226612267276851e-14,logic,0.0,"a small, blue desk",1.9582231712360697e-07,logic,0.0,a small desk,2.0487033343424008e-06,logic,0.0,a small fan,0.0017131596420077294,logic,0.047727176548881686
169,169,a small fan,5.723763352893009e-07,logic,0.0,"a small, green fan",3.490128024017985e-05,logic,0.0,a small thing facing to the left,1.8452522925798407e-11,logic,0.0,a small desk facing to the left,2.8732029907904883e-11,logic,0.01691155726839394,,,,,"a small, blue thing facing to the left",8.724475437563923e-13,logic,0.0,a small desk facing to the left,0.00010682014883810202,logic,0.0
170,170,a small desk facing to the left,2.8556657118304254e-06,logic,0.0,"a small, green desk facing to the left",0.00011512146528327417,logic,0.0,a small thing,9.198438413503833e-09,logic,0.0,a small desk,7.11435244664316e-11,logic,0.04368818961001768,,,,,"a small, blue thing",4.4562345516511183e-11,logic,0.0,a small desk,0.00022167976678913326,logic,0.0
171,171,a small desk,7.808873271685698e-06,logic,0.0,"a small, green desk",0.00016826059345290278,logic,0.0,a small fan facing to the left,3.4740029721272657e-07,logic,0.0,"a small, blue thing facing to the left",2.6123806281049646e-19,logic,0.0,,,,,"a small, blue fan facing to the left",8.633287728481022e-08,logic,0.0,"a small, blue thing facing to the left",6.731428711137629e-11,logic,0.0
172,172,"a small, blue thing facing to the left",2.142941055754527e-12,logic,0.0,a small thing facing to the left,3.459576916987328e-11,logic,0.0,a small fan,1.051798896719876e-06,logic,0.0,"a small, blue thing",1.73646163404798e-18,logic,0.0,,,,,"a small, blue fan",4.681822371985903e-07,logic,0.0,"a small, blue thing",4.96166732415083e-10,logic,0.0
173,173,"a small, blue thing",6.723613196393922e-11,logic,0.0,a small thing,1.8994577742489524e-09,logic,0.0,a small desk facing to the left,8.586600106468669e-06,logic,0.0,"a small, blue fan facing to the left",1.4157856592148298e-15,logic,0.0,,,,,"a small, blue desk facing to the left",3.617112504258743e-08,logic,0.0,"a small, blue fan facing to the left",2.399337884071203e-06,logic,0.0
174,174,"a small, blue fan facing to the left",3.0033263984055657e-07,logic,0.0,a small fan facing to the left,2.9235596541968336e-07,logic,0.0,a small desk,5.683621101002449e-05,logic,0.0,"a small, blue fan",2.7938957919504995e-15,logic,0.0,,,,,"a small, blue desk",5.557023951936483e-07,logic,0.0,"a small, blue fan",4.088236302041011e-06,logic,0.0
175,175,"a small, blue fan",6.003013519007381e-07,logic,0.0,a small fan,8.313781365622611e-07,logic,0.0,"a small, blue thing facing to the left",1.0764267298217493e-11,logic,0.0,"a small, blue desk facing to the left",1.457316473461999e-14,logic,0.0,,,,,,,,,"a small, blue desk facing to the left",6.072125428705555e-07,logic,0.0
176,176,"a small, blue desk facing to the left",2.1117804563451896e-07,logic,0.0,a small desk facing to the left,2.175824220778275e-06,logic,0.0,"a small, blue thing",5.426387739177112e-10,logic,0.0,"a small, blue desk",4.0350775266521055e-14,logic,0.0,,,,,,,,,"a small, blue desk",3.2519868610009652e-06,logic,0.0
177,177,"a small, blue desk",2.3017433849110137e-06,logic,0.0,a small desk,7.654666120374307e-06,logic,0.0,"a small, blue fan facing to the left",3.851551333485001e-07,logic,0.0,,,,,,,,,,,,,,,,
178,178,,,,,"a small, blue thing facing to the left",1.9360096614639455e-12,logic,0.0,"a small, blue fan",1.6121254722153531e-06,logic,0.0,,,,,,,,,,,,,,,,
179,179,,,,,"a small, blue thing",9.312679545452411e-11,logic,0.0,"a small, blue desk facing to the left",3.974619989980384e-07,logic,0.0,,,,,,,,,,,,,,,,
180,180,,,,,"a small, blue fan facing to the left",2.0338077655369858e-07,logic,0.0,"a small, blue desk",6.680131057556097e-06,logic,0.0,,,,,,,,,,,,,,,,
181,181,,,,,"a small, blue fan",4.855216398219056e-07,logic,0.0,,,,,,,,,,,,,,,,,,,,
182,182,,,,,"a small, blue desk facing to the left",2.5690915674843365e-07,logic,0.0,,,,,,,,,,,,,,,,,,,,
183,183,,,,,"a small, blue desk",4.613852186880088e-06,logic,0.0,,,,,,,,,,,,,,,,,,,,
