,Unnamed: 0,S1,p_llm_1,seq_type1,p_rsa_1,S2,p_llm_2,seq_type2,p_rsa_2,S3,p_llm_3,seq_type3,p_rsa_3,S4,p_llm_4,seq_type4,p_rsa_4,S5,p_llm_5,seq_type5,p_rsa_5,S6,p_llm_6,seq_type6,p_rsa_6,S7,p_llm_7,seq_type7,p_rsa_7
0,0,"a chair, blue, large",0.0001740297805939298,topk,0.013241659429812057,"a large, blue chair with its back to us",0.0004779801178075026,topk,0.013070051172630031,"a large, green chair facing the left",0.00034384245360184155,topk,0.011940086460728888,"a  small, grey chair facing forwards",0.00013705113914102893,topk,0.013636344948217813,"a large fan, facing backwards",1.4367176636326286e-05,topk,0.011963336272266414,a fan facing to the left,8.328985943527517e-14,topk,0.013326088923473544,"a small, grey fan face forwards",1.7053213161050147e-14,topk,0.016653767003944216
1,1,a blue chair facing left,8.604441084576358e-05,topk,0.016871909399902296,a backwards-facing blue chair,0.0022594973390543762,topk,0.01896618932848626,a chair that is green and large and facing to the left,5.486779055741457e-06,topk,0.008346518389394889,a chair facing forwards,0.00021616245108742338,topk,0.015478661371130197,a small grey fan facing forwards,0.00016639036364394263,topk,0.000449662439572776,"a large, green fan facing to the right",2.8490004821443072e-15,topk,0.004516751036827623,"a grey, small fan facing forwards",4.4957778252051233e-14,topk,0.01601540056215849
2,2,"a large, blue chair, facing to the left",0.00032780111104216577,topk,0.011793420711293212,a blue chair facing backwards,0.17723501559758378,topk,0.01609431341611476,"a large, green chair to the left",2.0315678017099548e-05,topk,0.01289361353487996,a grey chair ,0.00021190811896079585,topk,0.028925213979481404,a large fan is facing backwards,1.7124497091468168e-05,topk,0.011355455515031697,a large green fan is facing to the left,5.862562983051414e-15,topk,0.010776141796982299,"a small, grey fan is facing forwards",6.62231435063674e-14,topk,0.014586817092706275
3,3,a large blue chair ,0.00020189155455661203,topk,0.016073936536811856,"a large, blue chair facing the wall",0.0012707551960999262,topk,0.005191098629524806,"a large, green chair",0.009233668757479484,topk,0.02084419011764766,a small grey chair,0.0003086781338921821,topk,0.02622910235732101,"a small, green fan facing to the left",7.673814267991312e-06,topk,0.0007423758367741458,"a large, green chair",1.2226067117252331e-14,topk,0.0005297108206932138,a small grey fan facing forwards,2.684817827417031e-14,topk,0.016320707336412558
4,4,a blue chair is facing to the left,8.474499943076265e-05,topk,0.01226333348603079,"a blue chair, facing backwards",0.002354943130434523,topk,0.015917745925157087,a large green chair facing the left,0.00024003339300236577,topk,0.012528636294246541,a large blue chair facing to the left,0.0004767628204631796,topk,0.0002114245410189925,a large blue chair facing to the left,5.651456022396793e-06,topk,0.0001722560688195421,a large green fan to the left,3.0286714341126043e-14,topk,0.014100739054039541,"a large, green chair",2.029333792555436e-14,topk,0.0004107208678263449
5,5,"a large, blue, facing-left chair",5.899004826084924e-05,topk,0.013658240689326837,a small grey fan facing forwards,0.0022374689096591838,topk,0.0005407295406303365,a large blue chair facing to the left,5.3893163714215857e-05,topk,0.0010961695727688058,a small grey chair facing forwards,0.00391414792311957,topk,0.01451344970774326,"a large, blue, fan, facing, backwards",3.445978899299074e-06,topk,0.012017194556652459,a small grey fan facing forwards,1.1220275640608445e-14,topk,0.000694383811935651,a large blue chair facing to the left,3.8215986558789096e-14,topk,0.00021272540090407652
6,6,"a large, blue chair 1",6.663215698392728e-05,topk,0.013182755267452934,a large blue chair facing to the left,0.0037480631458127215,topk,0.0003760594821727409,"a large, green chair  (3)",1.3982095792352762e-05,topk,0.014730476312085298,a small grey chair facing to the front,0.00010528438246217755,topk,0.012933324368140512,a backwards-facing blue fan,8.599937892190883e-06,topk,0.016708310309894787,a large green fan on the left,4.136251871058843e-15,topk,0.014019310063588222,a small grey fan  facing forwards,1.9885689830832654e-14,topk,0.01596857847063049
7,7,a large blue chair facing to the left,0.014665389283805135,topk,0.012614134185031494,a large blue chair facing backward,0.009454277938720407,topk,0.0152461629250967,"a large green chair, facing to the left",1.2777306593738607e-05,topk,0.011297402841790295,a grey chair,0.00018995321017540966,topk,0.03100944030372086,"a  large, blue fan  facing backwards",1.2415033894977635e-05,topk,0.012218652206064499,"a large, green fan face to the left",8.310098480270345e-15,topk,0.011655216617767142,"a small, grey fan""",3.301469135057867e-14,topk,0.025768891411308625
8,8,a big blue chair facing left,0.00021417382042973493,topk,0.015841097740370104,a large chair facing backwards,0.007426227381405355,topk,0.013212366699238436,"a large, green chair ",0.0004285036389807897,topk,0.020029048997310926,"a small, grey, chair facing forwards",0.00011415701467242546,topk,0.013759535164209791,a green fan facing to the left,1.2079514404044487e-05,topk,0.0003911676683895608,a green chair,2.7059258475735787e-13,topk,0.0006294831531423905,a small grey chair facing forwards,1.532201382665614e-14,topk,0.0005621185700910631
9,9,a blue chair facing the left,6.607655790999642e-05,topk,0.014403090243672452,a small grey chair facing forwards,0.0026177553329329428,topk,0.00033602798147452196,"a large, green chair facing left",0.0004936451155919178,topk,0.013368160276119825,"a small, grey chair",0.9556828825205447,topk,0.024735666879542362,"a large, blue  fan facing backwards",4.259389721008487e-06,topk,0.012238722156033244,"a large, green fan facing  to the left",4.559572389358676e-15,topk,0.010645771098253182,a blue fan facing backwards,4.366392650167388e-14,topk,0.0005496911918205464
10,10,a large chair facing to the left,0.00034520424555653983,topk,0.008064448757102178,"a large, blue chair facing the opposite direction of the other chairs",0.00012406926563440765,topk,0.003984608361887868,a small grey chair facing forwards,3.24446142893646e-05,topk,0.0003854142616010758,a small grey chair is facing forwards,0.0008911001937134247,topk,0.013514391015229476,a large fan facing backwards,0.0004655606994453429,topk,0.012016517595364923,a large green fan facing the left,4.4510902990445726e-14,topk,0.012498772618851225,a green chair,2.9343606750790735e-14,topk,0.0008753468536864098
11,11,a blue chair is facing left,8.574165708746525e-05,topk,0.01468850465881666,"a large, blue chair facing to the right",0.0029145299796392945,topk,0.0018299845372800147,a green chair,0.018245407922988812,topk,0.02846581692350768,a small grey chair that is facing forwards,0.00013014208818983993,topk,0.011933278294688961,a large fan,0.00023761240236159828,topk,0.025017075697119036,a large fan,9.089645593726555e-15,topk,0.014282716265025523,a small grey fan facing forward,1.4457568824207392e-13,topk,0.01655227484215254
12,12,a large blue chair is facing left,8.09739797678658e-05,topk,0.014340867456081503,a chair facing backwards,0.001972588774752238,topk,0.018567148630855186,"a large, green chair""",4.4812568086422295e-05,topk,0.020358958693480613,a small grey chair in the room,6.342261953868417e-05,topk,0.015572291029829438,a backwards blue fan,1.404566216862948e-05,topk,0.021459054859468325,"a large, green fan, facing left",1.3306197414636324e-14,topk,0.013432840791325115,"a small, grey chair",4.7272603775100055e-14,topk,0.0009581187933861011
13,13,a large blue chair,0.003335634498279659,topk,0.016765752118777146,"a large, blue fan",0.005259103039679022,topk,0.0008204780526707638,a large green chair is facing to the left,1.7825208044286547e-05,topk,0.010834584491211762,"a small, gray chair facing forwards",0.0001945077130369866,topk,0.013868913153378126,"a large, blue chair facing to the left",1.4962876322408293e-06,topk,0.00016245378401835036,"a large, green fan  facing to the left",6.634749458030961e-14,topk,0.010739985054669028,a small chair,3.506488057285566e-14,topk,0.001662712229799769
14,14,a large chair,0.00011572513598290729,topk,0.014804166443046747,a blue chair is facing backwards,0.0017325637522017554,topk,0.01578107643461603,a large chair facing to the left,0.0002083180216843928,topk,0.007164462043509983,a small grey chair facing forwards ,7.997614617633012e-05,topk,0.014163442678914463,a  blue fan facing backwards,1.324531045310523e-05,topk,0.014675136387918038,a large green fan facing left,7.703959828400387e-15,topk,0.014292124645540616,"a large, blue fan",7.486252602626689e-14,topk,0.0006605037348697452
15,15,"a large, blue chair facing to the left",0.0020985804106110405,topk,0.011736996544627855,"a large blue chair, facing backwards",0.0027869820416800022,topk,0.014238688189846214,"a large chair, green in color, facing to the left",7.77428595308153e-06,topk,0.009173775507234996,"a large, blue chair facing to the left",0.004154681143680013,topk,0.00022891867367657784,a  blue fan,1.22086236017289e-05,topk,0.035234134291701864,"a small, grey fan facing forwards",2.4538720477066108e-14,topk,0.0007670289948882302,"a small grey fan, facing forwards",3.622131982978674e-14,topk,0.01613360705438492
16,16,"a large, blue chair, facing to the left, in the room",5.722265299259581e-06,topk,0.00868590558890739,"a large, blue chair, facing backwards",0.0009259040523751996,topk,0.013884990313293771,a large chair,4.895361739378119e-05,topk,0.011563871234104397,"a small, grey fan ",0.0001468396282970816,topk,0.0008277711428978819,"a small, grey fan facing forwards",1.3949974330563311e-05,topk,0.0005138758390748541,"a large, blue fan facing backwards",7.33864551181324e-15,topk,0.0007978585880048897,"a small, grey fan ",2.7642862628055705e-13,topk,0.02706694798624339
17,17,"a large chair, blue in color, facing to the left",1.9621360351085892e-05,topk,0.009937944635953617,"a large, blue chair facing downwards",0.0010278305329124845,topk,0.007792449229004574,"a large, blue chair facing to the left",0.00010938733345569733,topk,0.0015162924101096453,"a small, grey fan facing forwards",0.01093904629188388,topk,0.0003436649000767884,"a large, green fan facing to the left",8.253806654057875e-06,topk,0.00028286997379630845,"a large, green fan facing to the left",3.034920979714186e-15,topk,0.010787605420617904,"a small, grey fan facing forwards",7.372259510060741e-13,topk,0.015540383539693932
18,18,a large blue chair facing left,0.026614206234526504,topk,0.015188439878756966,"a large, blue chair facing to the left",0.0006966817217294188,topk,0.0002734230298162099,"a green, large chair facing left",1.6185458909752503e-05,topk,0.013426447629313748,"a grey, small chair facing forwards",0.0007362371302637966,topk,0.014098000738534856,"a large, blue chair facing backwards",5.523513139508277e-05,topk,0.00033820531616433197,"a large, green fan facing the left",6.990604269097264e-14,topk,0.01195176797150786,"a large, blue fan facing backwards",8.013937297713492e-13,topk,0.00029541374202890724
19,19,"a large, blue chair is facing to the left",8.693787371531261e-05,topk,0.011622922925644484,"a large, blue, backwards-facing chair",0.0016296836151480343,topk,0.01566241901756577,"a large, green fan facing to the left",4.481658550644371e-05,topk,0.0005254695571838495,"a large, blue fan facing backwards",0.00011845956324196008,topk,0.0002260970819672858,a small grey fan,1.8030515902028137e-05,topk,0.0017599854986721313,"a large, green fan",7.503997939754558e-15,topk,0.02148537043529655,"a large, green fan facing to the left",1.1566799691274505e-12,topk,0.00035469748727840297
20,20,a large chair facing left,0.0001537771322432142,topk,0.010362072489914177,"a large, blue fan facing backwards",0.032833382562904835,topk,0.0004022916241284282,"a small, grey fan facing forwards",1.978067165739466e-05,topk,0.0004224592599171991,"a large, blue chair facing backwards",0.00014486947784713038,topk,0.0002123119048426818,a blue fan,0.008817774181564283,topk,0.038649215648373404,"a  large, green fan facing to the left",1.2048486494644767e-14,topk,0.010578608779840478,a fan facing forwards,9.17471053676166e-14,topk,0.016695982952215544
21,21,a blue chair ,9.078018103482956e-05,topk,0.019214470189354033,"a small, grey fan facing forwards",0.005478796792131624,topk,0.000564859595602979,a big green chair facing left,2.208301783072989e-05,topk,0.015081855336777639,a small grey fan,0.006638385988162037,topk,0.0012049570812233156,a large fan facing backward,1.1309063328435531e-05,topk,0.013702886809850727,"a large, green fan is facing to the left",2.4839390473120288e-14,topk,0.010370003372049708,"a large, green fan",6.489955171472133e-14,topk,0.0008284088188523276
22,22,"a large blue chair, facing to the left",0.00013056447939741142,topk,0.01240426036127817,"a large, blue chair facing backwards",0.011982037682531133,topk,0.013110134316661125,"a chair, green, facing left",2.0509646059579803e-05,topk,0.015658428768613685,a grey small chair facing forwards,0.0001287747683534315,topk,0.014363633305459957,"a large, blue, backwards-facing fan",8.560268601225393e-06,topk,0.013074436752174741,"a large, green fan, facing to the left",1.2568947558477034e-13,topk,0.010851674083408388,"a small, grey fan faces forwards",3.220079633940187e-14,topk,0.0162645045029799
23,23,a large blue chair facing the left,0.0010024411589711864,topk,0.013450416281851084,a chair,0.0032423453081147392,topk,0.023575821386410532,a large chair facing left,2.535208248265157e-05,topk,0.008998517335577832,a grey chair facing forwards in the room,7.532635254290572e-05,topk,0.011589968294154384,"a blue, large fan facing backwards",1.6680209185316512e-05,topk,0.012815651135106264,"a large green fan, facing left",7.151411261412958e-15,topk,0.014025279140386154,a small grey fan,5.697837452613622e-14,topk,0.029657420946897287
24,24,"a blue chair, facing to the left",9.078000788554018e-05,topk,0.01328249875178279,"a large, blue chair is facing backwards",0.0070577956679784256,topk,0.014065448798913825,a chair that is green in color and facing to the left,6.105180390105461e-06,topk,0.008415175885031554,a grey chair is facing forwards,0.0003268649902101173,topk,0.015038093954383037,a large blue fan,0.02151754950655857,topk,0.02830680211225887,"a large, green fan (6)",8.875833157909597e-15,topk,0.01624359734540247,"a small, grey fan  facing forwards",1.8104538107840287e-14,topk,0.015147004321204487
25,25,a large blue chair is facing to the left,8.038522171393809e-05,topk,0.012078907458447505,a backwards blue chair,0.005979348998925648,topk,0.024123453863235594,a large green chair facing to the left,1.025503327728213e-05,topk,0.011443192707266679,a small grey facing forwards chair,0.00016684650497499214,topk,0.014067779512778914,"a small, blue fan facing backwards",8.364969178489531e-06,topk,0.011025174015946358,a fan,9.472851936721247e-15,topk,0.030155785155471605,a small gray fan facing forwards,3.756248341198316e-14,topk,0.016445948933466913
26,26,"a blue, large chair facing left",4.627083165727247e-05,topk,0.0133986511787853,a fan facing backwards,0.0017067637693475182,topk,0.0007239498004119272,"a large, green chair facing to the left",0.13262093825488538,topk,0.01103497099789416,a small grey chair faces forwards,0.000173145309418594,topk,0.014971467666871742,a green fan,1.0503595187437038e-05,topk,0.002469863054929383,a large green chair facing to the left,8.6185518979651e-15,topk,0.0003612766098770928,"a small, gray fan facing forwards",2.2026067237867778e-14,topk,0.015995866805507755
27,27,a chair facing left,0.00018946468223018248,topk,0.013201593625861997,"a large,",0.0018948828876167115,topk,0.015184165406690773,"a large,",2.0037980072358178e-05,topk,0.011459410185064682,"a large, green chair facing to the left",0.0009522620255300106,topk,0.00020117618072716033,"a large,",3.265776585829279e-05,topk,0.012225662275613258,a green fan,3.830875073535006e-12,topk,0.031877879565836244,"a large, green chair facing to the left",2.0317709243590146e-13,topk,0.00023606629127776447
28,28,a large,9.098750416374327e-05,topk,0.01484799526182958,a blue chair facing backward,0.0024889268250151385,topk,0.017658345515503587,"a chair that is green and large, facing to the left",4.486231827758673e-06,topk,0.008811461120250262,a little grey chair facing forward,0.00013758360577847598,topk,0.014060894561474744,a grey fan,1.8004123348702525e-05,topk,0.012848275654551463,"a large, green chair facing to the left",1.8055081498474064e-13,topk,0.0003530263183951286,a grey fan,1.4848864066872628e-12,topk,0.020391121343778622
29,29,"a blue chair, facing left",0.00022849749564005548,topk,0.015672146865893997,"a  large, blue chair facing backwards",0.0034470375816629453,topk,0.012786537113834564,"a small, grey chair facing forwards",4.2553305118015974e-05,topk,0.0004255157921775027,a small gray chair facing forwards,0.0002700304766632423,topk,0.014394699922202367,"a large fan, blue in color, facing backwards",8.508894056433061e-06,topk,0.010509821667417088,a large green fan ,9.211151596032093e-15,topk,0.0219333192222936,a small grey fan ,6.209151229432959e-14,topk,0.028301120839301044
30,30,"a large, blue chair ",0.0007943207867691319,topk,0.015295401986062105,"a large, blue chair facing away",0.0015174221012144845,topk,0.01306976660107983,a chair that is green and facing left,5.4431253802972e-06,topk,0.011869276066432484,a grey chair facing forwards,0.006110251038839028,topk,0.016002770945313348,"a  large, blue fan facing backwards",5.667640193304803e-05,topk,0.012382437981230099,a large green fan facing to the left,3.602843143830303e-14,topk,0.011366933580723569,"a small, grey fan, facing forwards",9.439587674124702e-14,topk,0.015347255374281858
31,31,"a large, blue chair that is facing to the left",3.382167846045384e-05,topk,0.010229510433431161,"a small, grey chair facing forwards",0.014783542437577705,topk,0.0003773688342471728,"a large, green chair  facing to the left",7.287642979508929e-05,topk,0.010952322313276405,a small grey chair facing the front,3.4988717863990137e-10,topk,0.014043472463776322,"a large, blue",1.1258787133419753e-05,topk,0.013658910838722576,"a large, green fan in the room",8.149242277321429e-15,topk,0.012498716435838964,a large green fan facing to the left,2.6068147721390842e-14,topk,0.0003319233503115803
32,32,"a large, blue chair",0.000381119278560278,topk,0.016087534170345485,"a large, blue chair facing the back of the room",0.0006574464971398986,topk,0.010968798021479905,"a large, green chair that is facing to the left",1.6710009728949953e-05,topk,0.00950804997518381,a grey chair facing forwards ,0.00012100696886630079,topk,0.015640697693539193,a big blue fan facing backwards,9.121957550552331e-06,topk,0.014181238422212927,"a large, green fan that faces to the left",5.585247673466602e-15,topk,0.010108380748200165,"a small, grey chair facing forwards",1.142974729325874e-13,topk,0.000533536277540117
33,33,a,0.00017632350171610785,topk,0.08033244785983294,"a large, blue chair  facing backwards",0.0031313253350879052,topk,0.013734996931681214,a chair that is green and facing to the left,9.828555570808854e-06,topk,0.009982631101839536,a small-grey-chair-facing-forwards,0.0002690847165270671,topk,0.013957705990248844,a large fan that is facing backwards,6.803292487074875e-06,topk,0.010277950602519391,"a large, green fan faced to the left",4.381771069721551e-15,topk,0.011353548639270489,"a small, grey fan in the room",9.653451394264071e-15,topk,0.012948020327440996
34,34,a chair facing to the left,7.298999110800532e-05,topk,0.010009411008649506,"a large, blue chair facing the opposite direction of the others",0.00023316849979956514,topk,0.004342110095246046,"a large green chair, facing left",1.4017931073283847e-05,topk,0.013662022706835787,"a small, grey fan",0.0028142920791044885,topk,0.0010323279207596987,"a small, grey chair facing forwards",2.076796443694777e-05,topk,0.00018944249812351916,a fan facing left,1.427780779977231e-14,topk,0.017488547773838282,a small grey fan facing to the left,7.816231497940644e-15,topk,0.00993406971977681
35,35,a large blue chair faces left,5.5516843399221354e-05,topk,0.015628465274165008,a large,0.0025469199482704833,topk,0.01925162166972883,a large chair that is green in color and facing to the left,6.850636121923244e-06,topk,0.007707833602389293,a,0.0006771159563253979,topk,0.0860348057837177,a green fan facing left,1.0574311853417773e-05,topk,0.000567992877982635,"a large, green fan""",7.681950122681339e-15,topk,0.0208455955204344,"a small, grey fan facing forward",3.3508191115520297e-14,topk,0.015800029298761058
36,36,a blue chair facing to the left,0.004195241961595706,topk,0.013530971312999357,"a large, blue chair ",0.010915087387574043,topk,0.012262057954171318,"a large chair, green, facing left",1.391425563968846e-05,topk,0.01309702317090673,"a small grey chair, facing forwards",0.0004013424760734602,topk,0.014098474032169407,"a  large, blue fan",1.63635761583902e-05,topk,0.024232318360440278,"a large, green fan  (6)",6.988094461175546e-15,topk,0.015216410389616826,a small fan,3.2674089713732263e-14,topk,0.03815876342324064
37,37,"a large blue chair, facing left",0.00016910968758709484,topk,0.0146785327537873,"a large, blue chair facing the opposite direction of the other chairs and fans",1.0868960967876274e-05,topk,0.003509274018441438,a large chair that is green and facing left,9.980210449963731e-06,topk,0.010378352935652263,"a large, blue chair",0.0002805121254352361,topk,0.0004539713350406456,"a large fan, blue, facing backwards",1.1665648237092437e-05,topk,0.012992713355915505,"a large, green fan 6",4.836284903829493e-15,topk,0.015601976199952766,"a large, blue chair",6.095554135895189e-13,topk,0.0002549651193452394
38,38,"a large, blue chair  facing to the left",0.0001641012990402409,topk,0.011817668389650206,"a large, blue chair facing forwards",0.008075929000578026,topk,0.0010516850668370198,"a large, green chair (3)",1.42767535572631e-05,topk,0.01594694240477497,"a small, grey, facing forwards chair",0.00015946284804324527,topk,0.01331848407491037,a large fan that is blue and facing backwards,5.0438920492674985e-06,topk,0.010378546560119972,a,2.9351418927168385e-14,topk,0.04448560889443168,"a small, grey fan",1.8558540025511806e-13,topk,0.028579883547215513
39,39,a large blue chair to the left,5.873283971592806e-05,topk,0.013346567117986182,a,0.009738615343446872,topk,0.1220876586138976,"a large, green chair, facing to the left",0.0001314351595676021,topk,0.010975916895993785,"a small, gray chair facing forward",9.48935370871333e-05,topk,0.014052139749954137,a large,3.7570078679978387e-05,topk,0.01488368221672845,"a large, green fan that is facing to the left",1.8937909157974953e-14,topk,0.009325860538681337,a,7.41251073718149e-14,topk,0.07722421486875888
40,40,"a large, blue chair, facing left",0.00018726770989576914,topk,0.013798959985734114,"a large, blue chair",0.005237116162470137,topk,0.013220451697407666,"a large, green chair, facing left",2.4227327636044048e-05,topk,0.01311718285008207,a blue chair facing to the left,0.0004168516268836263,topk,0.00034932408949679797,a large fan in the room,7.713288006009241e-06,topk,0.010937574407662767,a large fan facing to the left,7.368875639991486e-14,topk,0.011441292590282228,a large blue fan facing backwards,6.053862669469513e-14,topk,0.00026076273354112904
41,41,a blue chair,7.467374002973958e-05,topk,0.020552013772045716,"a large, blue chair with its back to the viewer",0.0003028119540098103,topk,0.010593291138946826,a,5.27283389062335e-05,topk,0.089624401858168,a small grey chair facing to the left,8.328680168324744e-05,topk,0.0042362430779082265,a large  blue fan facing backwards,1.8222049317445845e-05,topk,0.013188689021764207,"a large, green fan to the left",1.7266406375145807e-13,topk,0.01335380137031273,"a small, grey fan facing to the left",9.398908396472241e-15,topk,0.009347142578974522
42,42,a grey thing facing forwards,1.333862880186928e-10,logic,0.0009473886313769373,a large blue fan facing backwards,0.0016518039416273018,topk,0.0003836597382933828,a large chair that is green and facing to the left,1.0415294812954935e-05,topk,0.008964273389769288,"a small,",0.00014773564818186787,topk,0.020368756595795776,a,0.00020980102539658668,topk,0.06329298445829117,"a large, green fan faces to the left",1.6683249730967584e-14,topk,0.011398860922576545,a blue chair facing to the left,2.647633823124581e-14,topk,0.0002472103111063024
43,43,a grey thing facing to the left,9.75107865613969e-12,logic,0.002641813100537219,a blue chair facing to the left,0.0020951331100761807,topk,0.0006380384172143594,a chair facing to the left,9.160801786020496e-06,topk,0.00834944780823239,a small gray chair facing forward,0.0001740424338011636,topk,0.014595676459900092,"a large, blue chair",1.1285231692935047e-05,topk,0.0003325805970267939,a large green fan,1.1920115843709862e-14,topk,0.022888289774072368,a small grey fan is facing forwards,4.210194036919891e-14,topk,0.01520039119298793
44,44,a grey thing,1.4971194862601129e-09,logic,0.004552614342523601,"a large, blue chair facing upwards",0.002601466719885109,topk,0.0048499051953065616,"a large, green chair 3",6.9355946710593634e-06,topk,0.015304281034571102,a grey fan facing forwards,0.0002273450924814423,topk,0.0010993551434451921,a blue chair facing to the left,2.0191987457245868e-05,topk,0.00020643383535248595,"a large, green fan on the left",4.3949059662778785e-14,topk,0.013337565040108471,"a small, grey fan that is facing forwards",3.414745059588165e-14,topk,0.013027563104080965
45,45,a grey thing facing backwards,1.9487256181829438e-11,logic,0.001815207277860775,a large blue chair is facing backwards,0.0024221803143338614,topk,0.014715271037747751,"a  large, green chair facing to the left",2.478483791227925e-05,topk,0.010868140905497427,"a grey chair, facing forwards",7.476175850157723e-05,topk,0.01554311383379186,a big blue fan facing backward,8.980534707033352e-06,topk,0.014802864496296584,a grey thing facing forwards,2.3574906099280056e-10,logic,0.0007513661836694481,a grey thing facing forwards,2.819647569971254e-08,logic,0.008583136521296641
46,46,a grey chair facing forwards,6.5196688848592326e-06,logic,0.0011991281416420078,a large blue chair facing backwards,0.622638973585884,topk,0.014300857620726588,"a large, green chair facing to the right",1.3254202301879413e-05,topk,0.004453877682738724,a blue chair,0.00012252259905508464,topk,0.0033583644833398685,a blue chair,1.6490596184655168e-05,topk,0.00038908103873447076,a grey thing facing to the left,1.9231874935341157e-11,logic,0.0027634076540463577,a grey thing facing to the left,1.5964033338120303e-11,logic,0.0038354509956852385
47,47,a grey chair facing to the left,4.766906065909823e-07,logic,0.003358348444473971,a chair is facing backwards,0.0020391415757624984,topk,0.018082168527595754,"a chair, green, large",4.9709541915826417e-05,topk,0.019993558394040812,a grey thing facing forwards,3.6612242033807674e-17,logic,0.007865938895356406,a grey thing facing forwards,2.697088115866078e-10,logic,0.000689883033062936,a grey thing,1.6869617806781866e-09,logic,0.0026605957437444744,a grey thing,9.437942209070987e-08,logic,0.008896741209950024
48,48,a grey chair,1.6010211827056497e-05,logic,0.0034439456471390567,"a large, blue chair that is facing backwards",0.005137780700452049,topk,0.01240644986655408,"a large, green chair is facing to the left",6.314801532250207e-05,topk,0.010577268165689354,a grey thing facing to the left,2.7882848622341534e-20,logic,0.0017424425774644065,a grey thing facing to the left,2.0339107021789005e-12,logic,0.0014067479066800063,a grey thing facing backwards,2.481991654710144e-11,logic,0.002614216519022038,a grey thing facing backwards,2.608246138125305e-11,logic,0.0021813092863334684
49,49,a grey chair facing backwards,4.312623453914131e-07,logic,0.003701534672320026,a grey thing facing forwards,2.6893102875742036e-17,logic,0.0010829281747946856,"a large, green chair in the room",1.2156384967508179e-05,topk,0.012691317231320578,a grey thing,3.363102286259039e-16,logic,0.01719901313794944,a grey thing,1.5978568218630353e-09,logic,0.003303303163924992,a grey chair facing forwards,1.0420030811810484e-06,logic,0.00022291959717185607,a grey chair facing forwards,9.560379770456153e-05,logic,0.00056308004618187
50,50,a grey fan facing forwards,1.1267808460400326e-06,logic,0.0009919690347106064,a grey thing facing to the left,8.939114597368842e-19,logic,0.001151872914589987,a grey thing facing forwards,2.586077087692252e-10,logic,0.0009186758260356416,a grey thing facing backwards,5.114198789675228e-20,logic,0.0012522289803593059,a grey thing facing backwards,5.6088067035253104e-12,logic,0.0041597546831391346,a grey chair facing to the left,1.1512465585145455e-07,logic,0.0010561348931039508,a grey chair facing to the left,1.2025311462663764e-06,logic,0.0016598362712859954
51,51,a grey fan facing to the left,5.576073386205919e-08,logic,0.0010328747176315328,a grey thing,1.8995945429855907e-16,logic,0.0064069184069017555,a grey thing facing to the left,1.2006978912372389e-11,logic,0.0038631383998120033,a grey chair facing forwards,1.6716317236586394e-11,logic,0.016002770945313348,a grey chair facing forwards,9.997698394290928e-07,logic,0.00025885734239572004,a grey chair,4.205552647916146e-06,logic,0.0006948032014772398,a grey chair,0.0002381829515347347,logic,0.0013944695983582748
52,52,a grey fan,2.379378760811245e-06,logic,0.0020025206612756833,a grey thing facing backwards,9.553432607263117e-18,logic,0.005430179278520045,a grey thing,3.163239817053302e-09,logic,0.00439144006720453,a grey chair facing to the left,5.527654122540042e-14,logic,0.0041785941779963,a grey chair facing to the left,4.548991290834202e-08,logic,0.000847953364087754,a grey chair facing backwards,8.189316168728767e-08,logic,0.0009393314027850147,a grey chair facing backwards,5.579355096874392e-07,logic,0.0016955093492893657
53,53,a grey fan facing backwards,4.6526786938243243e-08,logic,0.0008253893237149689,a grey chair facing forwards,4.5183489953307e-13,logic,0.0007536687126956598,a grey thing facing backwards,1.3064164859757776e-11,logic,0.0018943791259444281,a grey chair,3.327500690570473e-11,logic,0.03100944030372086,a grey chair,3.4308293999084008e-06,logic,0.0009547216595018947,a grey fan facing forwards,9.627597443170908e-06,logic,0.002354771338776871,a grey fan facing forwards,0.004434522595099265,logic,0.013790367078988794
54,54,a green thing facing forwards,9.619325915105719e-13,logic,0.001346884431862895,a grey chair facing to the left,2.5164124648258903e-14,logic,0.001384430549171643,a grey chair facing forwards,5.603475752088716e-06,logic,0.0010521352197083082,a grey chair facing backwards,1.0236723260477779e-14,logic,0.002695475863410942,a grey chair facing backwards,7.141868181782897e-08,logic,0.0013520924325028775,a grey fan facing to the left,3.5805264932693204e-07,logic,0.004933409857763788,a grey fan facing to the left,1.1585896071601183e-05,logic,0.006386290065567805
55,55,a green thing facing to the left,3.5229986693828046e-10,logic,0.0007484615561793052,a grey chair,8.503813826748658e-13,logic,0.005101855980348886,a grey chair facing to the left,2.2570918197106117e-07,logic,0.0049849214959998825,a grey fan facing forwards,3.0127271247361816e-13,logic,0.0010993551434451921,a grey fan facing forwards,2.9459915415521086e-05,logic,0.0018964623061185396,a grey fan,1.4807922605723362e-05,logic,0.011291021873967627,a grey fan,0.006724572955669087,logic,0.020391121343778622
56,56,a green thing,7.718724425792978e-09,logic,0.0026280717716542657,a grey chair facing backwards,1.0447442497286483e-13,logic,0.00526954797419324,a grey chair,2.2501135073316705e-05,logic,0.004440806226691859,a grey fan facing to the left,4.651447556940029e-15,logic,0.001397733076542362,a grey fan facing to the left,3.6195453940792443e-07,logic,0.0024636285969814567,a grey fan facing backwards,2.4715093718784046e-07,logic,0.004790123398124639,a grey fan facing backwards,2.3655216361304322e-06,logic,0.0028920467050287044
57,57,a green thing facing backwards,3.193706746086879e-12,logic,0.0013394852328232018,a grey fan facing forwards,1.5702984701545208e-13,logic,0.0014825036895559833,a grey chair facing backwards,1.0818578993544408e-07,logic,0.003934671965008439,a grey fan,9.937862237841592e-13,logic,0.002786469588055828,a grey fan,4.902904059664505e-05,logic,0.012848275654551463,a green thing facing forwards,1.2780146446542825e-11,logic,0.0053324114447823555,a green thing facing forwards,8.430637518864461e-12,logic,0.0025275997881839415
58,58,a green chair facing forwards,6.883089233125453e-08,logic,0.0015121080698436646,a grey fan facing to the left,5.024834867496006e-15,logic,0.0014112454914996407,a grey fan facing forwards,2.823597727168795e-06,logic,0.0009248083270451046,a grey fan facing backwards,7.577162432847204e-16,logic,0.0009439003351703656,a grey fan facing backwards,3.3914653053206097e-07,logic,0.007638145331480597,a green thing facing to the left,3.5327036763360936e-08,logic,0.006565915596857685,a green thing facing to the left,3.2645891333880547e-09,logic,0.0005937927586743395
59,59,a green chair facing to the left,3.923278575700587e-05,logic,0.0005775428623491809,a grey fan,2.6634448849540117e-13,logic,0.0038134390512497337,a grey fan facing to the left,7.527504034280623e-08,logic,0.001193629132595672,a green thing facing forwards,2.2223701135239753e-20,logic,0.002608246577148279,a green thing facing forwards,1.360132758897748e-12,logic,0.0008348377578819697,a green thing,7.734084749800781e-07,logic,0.011867260425301614,a green thing,6.842722600571552e-08,logic,0.002648443627781277
60,60,a green chair,7.938553996688822e-05,logic,0.0018156567959989797,a grey fan facing backwards,4.7098193334926176e-15,logic,0.001599922811385735,a grey fan,6.449044411514878e-06,logic,0.0019250450927681326,a green thing facing to the left,4.777448087453849e-18,logic,0.0003366073498905599,a green thing facing to the left,7.993410942877166e-10,logic,0.00037778190142174394,a green thing facing backwards,2.1646499254152096e-11,logic,0.006118858142663676,a green thing facing backwards,4.562656444255774e-11,logic,0.0013459804228354588
61,61,a green chair facing backwards,1.868948946973084e-07,logic,0.0018532511344847996,a green thing facing forwards,3.4944169104752065e-19,logic,0.0011331586611719247,a grey fan facing backwards,3.3594137840627946e-08,logic,0.0007938274115846897,a green thing,1.4406591990453473e-16,logic,0.002582296197979392,a green thing,2.1032386258084867e-08,logic,0.001591836480742005,a green chair facing forwards,2.1833219995232868e-07,logic,0.0007804506722765755,a green chair facing forwards,7.666336617474828e-08,logic,0.0008888371936663232
62,62,a green fan facing forwards,2.3774788763333163e-09,logic,0.0007081231952859665,a green thing facing to the left,3.0641502771248723e-17,logic,0.0003296830172613342,a green thing facing forwards,2.554826053543042e-11,logic,0.004183937555938297,a green thing facing backwards,7.371332169226578e-20,logic,0.001032154844006565,a green thing facing backwards,9.458098937025685e-12,logic,0.001840845378308617,a green chair facing to the left,0.000908297211513572,logic,0.00030747344534056846,a green chair facing to the left,2.8657188209126856e-05,logic,0.00030496533843984584
63,63,a green fan facing to the left,1.1036894153211527e-06,logic,0.0002610286086500245,a green thing,4.0535388676859633e-16,logic,0.0029543045680784376,a green thing facing to the left,2.848857857170227e-08,logic,0.006292850309199733,a green chair facing forwards,1.5599896484226954e-16,logic,0.004627689419504744,a green chair facing forwards,2.9635424055595454e-08,logic,0.0005801149974789738,a green chair,0.002317849322543209,logic,0.0006294831531423905,a green chair,0.00014007622860825352,logic,0.0008753468536864098
64,64,a green fan,2.1074820817483306e-06,logic,0.0008907385751066189,a green thing facing backwards,1.581512062054296e-18,logic,0.002390075877857666,a green thing,1.6570541759814987e-06,logic,0.014771577013490966,a green chair facing to the left,5.728041731740538e-14,logic,0.000418200777055086,a green chair facing to the left,8.937166332748177e-06,logic,0.0001989954021242335,a green chair facing backwards,6.10572594385092e-07,logic,0.0010638814625003135,a green chair facing backwards,4.1333423127611893e-07,logic,0.0012885160773292422
65,65,a green fan facing backwards,1.2168762338180457e-08,logic,0.0007314406365429235,a green chair facing forwards,4.691779635929702e-15,logic,0.0011047094434813156,a green thing facing backwards,1.7932572160889435e-11,logic,0.00323083060194882,a green chair,2.3299607982287845e-13,logic,0.004721672573137255,a green chair,4.7210250717854054e-05,logic,0.000616988366413954,a green fan facing forwards,1.015247555357908e-06,logic,0.010285467336800096,a green fan facing forwards,7.140620494810765e-08,logic,0.003913144573917487
66,66,a thing facing forwards,7.464093150558689e-14,logic,0.0020749315232917033,a green chair facing to the left,7.085295205405175e-13,logic,0.0003055928333626686,a green chair facing forwards,1.7794626240889444e-06,logic,0.008642812337569314,a green chair facing backwards,3.861247125372064e-16,logic,0.0013405452274731836,a green chair facing backwards,2.050947469006789e-07,logic,0.0009514540530422256,a green fan facing to the left,0.013883230363337312,logic,0.013235505274287507,a green fan facing to the left,5.19176001410139e-05,logic,0.0007489956405601929
67,67,a thing facing to the left,7.10531055103251e-11,logic,0.005552886783408624,a green chair,1.2129519176398413e-12,logic,0.0020664876317278385,a green chair facing to the left,0.010923982734977671,logic,0.01341493933891069,a green fan facing forwards,1.0410414272968384e-17,logic,0.0009583543321998788,a green fan facing forwards,5.4806877083195615e-08,logic,0.0011090949018478667,a green fan,0.03413559972444436,logic,0.031877879565836244,a green fan,0.00011754814794193716,logic,0.0047981060167285195
68,68,a thing,1.812456591984353e-07,logic,0.013529457494554226,a green chair facing backwards,2.2259167580838303e-14,logic,0.002108139766415148,a green chair,0.05095303459812085,logic,0.02846581692350768,a green fan facing to the left,3.1702817751963538e-15,logic,0.00033252162731216896,a green fan facing to the left,6.455473675639731e-05,logic,0.0003911676683895608,a green fan facing backwards,1.8703237792453417e-06,logic,0.01072415134393549,a green fan facing backwards,4.6087245139468206e-07,logic,0.0014835048450759262
69,69,a thing facing backwards,6.951307912192743e-13,logic,0.0017776846652144348,a green fan facing forwards,1.6598923811902615e-16,logic,0.001162437733597591,a green chair facing backwards,8.930547671599176e-07,logic,0.008961869032121709,a green fan,9.918026096396146e-15,logic,0.0012817301931626597,a green fan,0.00020241393433848885,logic,0.002469863054929383,a thing facing forwards,1.4234424891736464e-12,logic,0.0017181480974603933,a thing facing forwards,7.014732869888324e-10,logic,0.0077233009761923065
70,70,a chair facing forwards,1.1151492728601636e-07,logic,0.0034088226719640783,a green fan facing to the left,3.862506471923458e-14,logic,0.00035673203347544877,a green fan facing forwards,6.955213030670652e-10,logic,0.0008184060680397117,a green fan facing backwards,4.99070755416974e-17,logic,0.0010695113414156405,a green fan facing backwards,3.6403020806934704e-07,logic,0.0016503973461909406,a thing facing to the left,1.1837358112651186e-09,logic,0.0036262300665162108,a thing facing to the left,6.823923911624166e-13,logic,0.0012286726954438762
71,71,a chair facing to the left,0.0004840226906566245,logic,0.010009411008649506,a green fan,7.175158051459407e-14,logic,0.0015546858946752977,a green fan facing to the left,3.866341008702402e-06,logic,0.0005216851371825573,a thing facing forwards,5.12625270192424e-19,logic,0.008478725978948476,a thing facing forwards,5.741199540926416e-13,logic,0.0013632460608651495,a thing,2.1459907279290442e-07,logic,0.007228860696851141,a thing,1.3343425479224357e-07,logic,0.008772526532990122
72,72,a chair,0.004404894016673267,logic,0.02072848719780436,a green fan facing backwards,8.641193177169785e-16,logic,0.0012972307118785805,a green fan,2.0140363018725296e-05,logic,0.0015287288390326695,a thing facing to the left,3.0799604741683006e-22,logic,0.0005715762176441698,a thing facing to the left,1.2548258927509668e-12,logic,0.002863271321003735,a thing facing backwards,3.395955150703634e-12,logic,0.002382844712253461,a thing facing backwards,9.191074193505762e-13,logic,0.0004834442162292049
73,73,a chair facing backwards,5.518328654337703e-07,logic,0.0032477992199148975,a thing facing forwards,2.3767846531119335e-19,logic,0.001469491418827957,a green fan facing backwards,1.2367971637944372e-09,logic,0.0008590967389666528,a thing,2.0093265335199086e-16,logic,0.012520449843788653,a thing,2.5286820260557493e-07,logic,0.01061543053036421,a chair facing forwards,4.904647762566614e-07,logic,0.0002713007868133933,a chair facing forwards,7.472356458002792e-05,logic,0.000643264979474802
74,74,a fan facing forwards,4.570892994092672e-08,logic,0.0006742321537113325,a thing facing to the left,4.426279996060743e-19,logic,0.001691383596495963,a thing facing forwards,1.896658044373261e-13,logic,0.0019124781411274392,a thing facing backwards,7.915641304845244e-22,logic,0.00039445541326696675,a thing facing backwards,2.0859138951311874e-10,logic,0.0072616825509305705,a chair facing to the left,7.32208670048492e-05,logic,0.0002492932316268626,a chair facing to the left,4.770935324917261e-06,logic,0.0002799281602055241
75,75,a fan facing to the left,4.3659878886731717e-08,logic,0.00032634222153139043,a thing,6.02135452661487e-15,logic,0.017295925772786647,a thing facing to the left,1.749787236406081e-10,logic,0.004682946981257329,a chair facing forwards,6.565381954021537e-13,logic,0.015478661371130197,a chair facing forwards,1.315105442241863e-06,logic,0.00027434509199463224,a chair,0.00032499280336410996,logic,0.0003661890648490152,a chair,0.00032588816442760525,logic,0.0007021080827047497
76,76,a fan,9.407749308280582e-07,logic,0.0009621660595403999,a thing facing backwards,1.2087645911621194e-16,logic,0.009668506904428855,a thing,1.324034241496756e-07,logic,0.01022362705635848,a chair facing to the left,1.9009059795173314e-15,logic,0.0005997544978682089,a chair facing to the left,1.3658875264463978e-06,logic,0.00014744705829127322,a chair facing backwards,3.7023089868879708e-06,logic,0.0002345789015342623,a chair facing backwards,4.0564416842943014e-06,logic,0.00034690060920765066
77,77,a fan facing backwards,9.47361263625842e-08,logic,0.00031062041543538873,a chair facing forwards,1.5282279779384786e-13,logic,0.0009272741929376907,a thing facing backwards,1.682809145118866e-13,logic,0.0017879205346622096,a chair,3.228735529512334e-12,logic,0.019293110214897033,a chair,7.262002973617559e-05,logic,0.000503176598948923,a fan facing forwards,2.1014912073981625e-07,logic,0.005162113033066935,a fan facing forwards,0.0004345896551406806,logic,0.016695982952215544
78,78,a blue thing facing forwards,1.7015048104307878e-12,logic,0.006108731998481162,a chair facing to the left,4.775387057161249e-13,logic,0.0007064607731140749,a chair facing forwards,1.5126080212708738e-07,logic,0.0031065982999881727,a chair facing backwards,4.640474701218888e-16,logic,0.000553447083454671,a chair facing backwards,9.566332325756611e-06,logic,0.00035361204274997603,a fan facing to the left,0.0007980189121097292,logic,0.013326088923473544,a fan facing to the left,1.4911889205118885e-06,logic,0.0024542535652052953
79,79,a blue thing facing to the left,1.2206042090430036e-09,logic,0.007693498269090976,a chair,1.191122612064639e-10,logic,0.023575821386410532,a chair facing to the left,0.0005182264443540167,logic,0.00834944780823239,a fan facing forwards,1.3403247880193393e-15,logic,0.0007592417973285182,a fan facing forwards,2.850774916532307e-06,logic,0.002370658620989629,a fan,0.0015462455824954053,logic,0.030155785155471605,a fan,0.001071076376230278,logic,0.030091293463794182
80,80,a blue thing,2.0814427884015649e-07,logic,0.01414757230382685,a chair facing backwards,7.149527156313938e-11,logic,0.018567148630855186,a chair,0.0026469692454656247,logic,0.01679361870275043,a fan facing to the left,2.403774666598295e-17,logic,0.00022111605854517466,a fan facing to the left,6.433909768119133e-06,logic,0.0034099679183338433,a fan facing backwards,4.884464170715462e-07,logic,0.006152073504403799,a fan facing backwards,4.0406135006753013e-07,logic,0.0009173232617365335
81,81,a blue thing facing backwards,8.064431399987485e-12,logic,0.0017775502394818139,a fan facing forwards,1.3470310207701871e-14,logic,0.001056255873910137,a chair facing backwards,1.1364533577854575e-07,logic,0.0030786599038852046,a fan,5.076426252159843e-15,logic,0.0011178966260338738,a fan,0.004628613213405968,logic,0.040150063986201044,a blue thing facing forwards,2.2237579877616384e-10,logic,0.0014727648488209613,a blue thing facing forwards,5.506987691406611e-10,logic,0.002597803515754713
82,82,a blue chair facing forwards,1.6791931795071132e-06,logic,0.009124409885871656,a fan facing to the left,3.811948033850971e-14,logic,0.00031782696811017043,a fan facing forwards,7.436478598206176e-10,logic,0.0005915826428759276,a fan facing backwards,1.2393553885764127e-17,logic,0.0003394044457928682,a fan facing backwards,0.0008517346212690067,logic,0.014215143791906573,a blue thing facing to the left,2.1571837531823836e-09,logic,0.0013815770092729677,a blue thing facing to the left,4.050474621105739e-09,logic,0.00034207293467328345
83,83,a blue chair facing to the left,0.01089990946918671,logic,0.013530971312999357,a fan,4.0013427328941864e-12,logic,0.0018130454064685469,a fan facing to the left,2.48710470022905e-07,logic,0.00035501468583238515,a blue thing facing forwards,2.424854718776721e-18,logic,0.0024500538848263964,a blue thing facing forwards,3.344206947982995e-11,logic,0.003149118287097198,a blue thing,1.1337819168396722e-07,logic,0.0011287598032849765,a blue thing,3.083934750630545e-07,logic,0.0014795705209555289
84,84,a blue chair,0.061738531352891216,logic,0.020552013772045716,a fan facing backwards,1.4452650614306899e-12,logic,0.0007239498004119272,a fan,9.880540334126841e-07,logic,0.000911623728182684,a blue thing facing to the left,3.09322630243347e-17,logic,0.00018210006707295015,a blue thing facing to the left,1.4050824639138348e-10,logic,0.004641365221198694,a blue thing facing backwards,5.353887985487594e-09,logic,0.0006031434088560397,a blue thing facing backwards,1.1739969072245355e-08,logic,0.0003157767839204087
85,85,a blue chair facing backwards,4.242429456262337e-06,logic,0.003591722468900567,a blue thing facing forwards,8.534384450007356e-19,logic,0.002626279907472329,a fan facing backwards,2.5452760849709378e-09,logic,0.000294297454247792,a blue thing,1.03262191014418e-15,logic,0.0014200242733663879,a blue thing,3.517174956035709e-07,logic,0.012345524900247802,a blue chair facing forwards,1.3260690357582484e-07,logic,0.00046831401533920127,a blue chair facing forwards,7.581014755679306e-07,logic,0.0007030959994465027
86,86,a blue fan facing forwards,2.6249631706219148e-08,logic,0.0014102093665449987,a blue thing facing to the left,2.1488039595925234e-18,logic,0.0017145190462122474,a blue thing facing forwards,3.543466078489771e-12,logic,0.0015166397806185272,a blue thing facing backwards,6.272271606316001e-18,logic,0.0002612510353146851,a blue thing facing backwards,1.9944536320569868e-08,logic,0.007655179596912002,a blue chair facing to the left,3.507253686959008e-05,logic,0.00027307176729920356,a blue chair facing to the left,0.00012388627441413885,logic,0.0002472103111063024
87,87,a blue fan facing to the left,8.829367451168894e-08,logic,0.001605118991089739,a blue thing,8.28240339853021e-15,logic,0.016424405148456445,a blue thing facing to the left,1.2517962865644337e-09,logic,0.001463943733793443,a blue chair facing forwards,7.250953239223315e-15,logic,0.005054660166634036,a blue chair facing forwards,3.4810554125331794e-07,logic,0.0004122838672653288,a blue chair,9.229303484799375e-05,logic,0.0002701405792004235,a blue chair,0.0003922881774542531,logic,0.00048792337085140647
88,88,a blue fan,1.0882832146577377e-06,logic,0.001180330100022668,a blue thing facing backwards,7.978881516909452e-16,logic,0.009099164552325562,a blue thing,1.1769827029918317e-07,logic,0.001323655601822561,a blue chair facing to the left,5.091655765126917e-13,logic,0.00034932408949679797,a blue chair facing to the left,5.3843758621358575e-05,logic,0.00020643383535248595,a blue chair facing backwards,2.1345310014464437e-06,logic,0.00017521287036952063,a blue chair facing backwards,7.80370221089401e-06,logic,0.0002974499996737248
89,89,a blue fan facing backwards,3.077698914758004e-07,logic,0.00036850943936326825,a blue chair facing forwards,2.356712770842031e-13,logic,0.0013779661654066944,a blue thing facing backwards,1.8246820841469655e-11,logic,0.000437821148158466,a blue chair,1.3351854320992625e-12,logic,0.0033583644833398685,a blue chair,0.00020458714580872216,logic,0.00038908103873447076,a blue fan facing forwards,3.023068191362315e-06,logic,0.0056190176201205925,a blue fan facing forwards,5.029562551067589e-06,logic,0.0062177109844046
90,90,"a large, grey thing facing to the left",2.1973545543388026e-12,logic,0.0021401983288601646,a blue chair facing to the left,1.6951381638382657e-12,logic,0.0006380384172143594,a blue chair facing forwards,8.387996850203795e-08,logic,0.0026369413846503527,a blue chair facing backwards,4.28684954106971e-14,logic,0.0003441825441123441,a blue chair facing backwards,1.3814301743897975e-05,logic,0.0004916492938705929,a blue fan facing to the left,1.3779551075197205e-05,logic,0.006000163739393953,a blue fan facing to the left,1.84828072506636e-05,logic,0.001739670675824562
91,91,"a large, grey thing",2.2786300405926374e-11,logic,0.003919846026798291,a blue chair,1.7431280381210216e-10,logic,0.0224106483619859,a blue chair facing to the left,4.086056162900712e-05,logic,0.002441067885039895,a blue fan facing forwards,9.296957268840672e-15,logic,0.0013422368305884649,a blue fan facing forwards,2.2748190823472854e-05,logic,0.0032020899172773526,a blue fan,0.00022049384581196289,logic,0.0040121240299410615,a blue fan,0.0005252200104822709,logic,0.003742340678387894
92,92,"a large, grey thing facing backwards",9.45286751615912e-13,logic,0.0016744212472412426,a blue chair facing backwards,1.4148465734823387e-10,logic,0.01609431341611476,a blue chair,0.0001838585941188463,logic,0.0029120371089335203,a blue fan facing to the left,2.4764899652776273e-14,logic,0.0006216801579523369,a blue fan facing to the left,9.45605825641635e-05,logic,0.005913011909590554,a blue fan facing backwards,9.52611512643152e-05,logic,0.0015273073274415046,a blue fan facing backwards,0.00020835400407484105,logic,0.0005496911918205464
93,93,"a large, grey chair facing to the left",1.5634607382309023e-07,logic,0.0032063636601273532,a blue fan facing forwards,2.3943266758048458e-14,logic,0.0019859424487431057,a blue chair facing backwards,5.510037235034527e-07,logic,0.0011625179379643766,a blue fan,3.6195296000133524e-13,logic,0.0011238048919354987,a blue fan,0.023991607426601672,logic,0.038649215648373404,"a large, grey thing facing to the left",1.1929436630276102e-11,logic,0.0029961914851984106,"a large, grey thing facing to the left",4.165412248710345e-12,logic,0.0016549574625386253
94,94,"a large, grey chair",3.455429734972604e-07,logic,0.005494936057159529,a blue fan facing to the left,7.37271065232795e-14,logic,0.0008397174606921195,a blue fan facing forwards,7.034656247232991e-08,logic,0.0011461598472748324,a blue fan facing backwards,8.732188438419788e-14,logic,0.0003199535711152035,a blue fan facing backwards,0.008494653308197394,logic,0.015227977722158866,"a large, grey thing",6.00327338868842e-11,logic,0.003749364520984491,"a large, grey thing",2.811798313795187e-10,logic,0.0027739203380994374
95,95,"a large, grey chair facing backwards",3.264838602345852e-08,logic,0.002953999139118829,a blue fan,4.147150140062656e-12,logic,0.002531298860303077,a blue fan facing to the left,3.9395739031266905e-07,logic,0.0009358290213109245,"a large, grey thing facing to the left",9.971675889071227e-21,logic,0.001014907243344276,"a large, grey thing facing to the left",1.2780043370398108e-12,logic,0.0016731063995360624,"a large, grey thing facing backwards",1.0525256123571038e-12,logic,0.0026390550916113387,"a large, grey thing facing backwards",6.062963015742898e-12,logic,0.0014935960668091867
96,96,"a large, grey fan facing to the left",3.715356558295618e-09,logic,0.0010285692725658198,a blue fan facing backwards,2.073004631399431e-12,logic,0.0008421985020455285,a blue fan,5.267272548341914e-06,logic,0.0009308849825930246,"a large, grey thing",6.499699247693333e-19,logic,0.0030928613161448617,"a large, grey thing",9.182157818337333e-11,logic,0.004861608931299538,"a large, grey chair facing to the left",4.8725698624869995e-08,logic,0.0011239805372402468,"a large, grey chair facing to the left",1.1158848202130166e-07,logic,0.0014257809390875505
97,97,"a large, grey fan",3.728434709180882e-08,logic,0.0018135024094752196,"a large, grey thing facing to the left",2.0837947171222385e-20,logic,0.0010263364354534217,a blue fan facing backwards,1.2068450681561199e-06,logic,0.0002860698933712623,"a large, grey thing facing backwards",1.2016671637423125e-20,logic,0.0009124314937932761,"a large, grey thing facing backwards",1.5020197853220644e-11,logic,0.003516927581928015,"a large, grey chair",1.6001838727523565e-07,logic,0.0015528414137240556,"a large, grey chair",1.2414208253569674e-06,logic,0.0021592445335593146
98,98,"a large, grey fan facing backwards",3.6521085991144776e-09,logic,0.0010987437080143103,"a large, grey thing",1.5255971501860666e-18,logic,0.005806853415487548,"a large, grey thing facing to the left",1.762440780933961e-11,logic,0.003308512828355359,"a large, grey chair facing to the left",2.067210324682367e-16,logic,0.0016746090974040695,"a large, grey chair facing to the left",1.3725508679280569e-08,logic,0.0010371051010078537,"a large, grey chair facing backwards",1.5545208188750107e-08,logic,0.0009525597627088944,"a large, grey chair facing backwards",1.0172104162439364e-07,logic,0.0015443630609261612
99,99,"a large, green thing facing to the left",4.740961246661318e-12,logic,0.0004014563986037898,"a large, grey thing facing backwards",3.7072788679689007e-19,logic,0.0033421490220597065,"a large, grey thing",1.045395862600925e-10,logic,0.004711863916857165,"a large, grey chair",4.823473885944094e-15,logic,0.004790872769445893,"a large, grey chair",1.211595993739355e-07,logic,0.002338716389562334,"a large, grey fan facing to the left",1.292343070304372e-06,logic,0.005233699512813842,"a large, grey fan facing to the left",3.8115482963325357e-07,logic,0.0023947456958296983
100,100,"a large, green thing",1.680983433002271e-11,logic,0.0011466616673392312,"a large, grey chair facing to the left",2.840815124027004e-16,logic,0.0013238804673182873,"a large, grey thing facing backwards",9.834071070230006e-13,logic,0.0016304262311433101,"a large, grey chair facing backwards",1.290403831562318e-16,logic,0.0016815159606810902,"a large, grey chair facing backwards",2.2682776737384747e-08,logic,0.0014353043920355918,"a large, grey fan",2.4403998494513116e-06,logic,0.00860648239685675,"a large, grey fan",1.0719045194582741e-05,logic,0.006124785448646124
101,101,"a large, green thing facing backwards",7.656092139571528e-15,logic,0.0007031389479201929,"a large, grey chair",5.124859612604763e-15,logic,0.007054204018235677,"a large, grey chair facing to the left",6.322230946925838e-07,logic,0.004360479899870435,"a large, grey fan facing to the left",1.3712926870177792e-16,logic,0.0011954621846307124,"a large, grey fan facing to the left",1.1197995949927568e-07,logic,0.002123819374178341,"a large, grey fan facing backwards",9.267099679330731e-08,logic,0.004021712199571046,"a large, grey fan facing backwards",3.263107721492528e-07,logic,0.0025497769259057424
102,102,"a large, green chair facing to the left",4.496377517340431e-06,logic,0.0005341978664753814,"a large, grey chair facing backwards",3.567820292775274e-15,logic,0.003681435596493772,"a large, grey chair",1.0271001376194789e-06,logic,0.006193386704703422,"a large, grey fan",3.371774882022925e-15,logic,0.0021069460998580595,"a large, grey fan",2.3193086406586134e-06,logic,0.00839467457735897,"a large, green thing facing to the left",2.7988500842177592e-08,logic,0.005522998236652937,"a large, green thing facing to the left",4.219071523729588e-09,logic,0.00023378035095864794
103,103,"a large, green chair",5.083104631917192e-06,logic,0.0009942704784684617,"a large, grey fan facing to the left",2.16064237036806e-16,logic,0.001495143606842117,"a large, grey chair facing backwards",2.6086205153673285e-08,logic,0.0033389656361526338,"a large, grey fan facing backwards",1.2260483967704045e-16,logic,0.001111817073890485,"a large, grey fan facing backwards",4.192760046673814e-07,logic,0.004459359838664294,"a large, green thing",7.564192254879879e-08,logic,0.008390776392112298,"a large, green thing",1.387018406315998e-08,logic,0.0008786283982375903
104,104,"a large, green chair facing backwards",8.672438210353888e-09,logic,0.0013554612796113598,"a large, grey fan",2.6280475485394775e-15,logic,0.0027169934123761293,"a large, grey fan facing to the left",1.0396865263371596e-07,logic,0.001136689114636585,"a large, green thing facing to the left",2.2648651814801767e-18,logic,0.00013998933949678873,"a large, green thing facing to the left",4.834727188237756e-11,logic,0.0002606366205959151,"a large, green thing facing backwards",3.942030145346768e-12,logic,0.006715291590933646,"a large, green thing facing backwards",1.3855910846117025e-11,logic,0.0005201576707873087
105,105,"a large, green fan facing to the left",2.2969080800197274e-08,logic,0.0002486921979941157,"a large, grey fan facing backwards",4.616008298771488e-16,logic,0.001433865251628268,"a large, grey fan",3.6967670944548405e-07,logic,0.001496278852143784,"a large, green thing",1.3523515514515461e-17,logic,0.0007267633675132662,"a large, green thing",1.8210398248320457e-10,logic,0.0008660870741295357,"a large, green chair facing to the left",0.0016278591314185344,logic,0.0003530263183951286,"a large, green chair facing to the left",0.0009652446757722423,logic,0.00023606629127776447
106,106,"a large, green fan",2.900220785213138e-08,logic,0.0005209733454048427,"a large, green thing facing to the left",2.195200058853398e-19,logic,0.00022733660243572342,"a large, grey fan facing backwards",2.613979703316404e-08,logic,0.0009206218942395321,"a large, green thing facing backwards",8.099311009516407e-21,logic,0.00036305819655270194,"a large, green thing facing backwards",3.352505964404177e-13,logic,0.0008600279227389232,"a large, green chair",0.001944604785279275,logic,0.0005297108206932138,"a large, green chair",0.0012195018882975436,logic,0.0004107208678263449
107,107,"a large, green fan facing backwards",2.669992285782972e-10,logic,0.000689682093446354,"a large, green thing",6.051346163883208e-19,logic,0.0014945487954871389,"a large, green thing facing to the left",7.724997483698313e-08,logic,0.005598055843534636,"a large, green chair facing to the left",1.1338771087793749e-12,logic,0.00020117618072716033,"a large, green chair facing to the left",3.2539985364649786e-06,logic,0.0001494149582329923,"a large, green chair facing backwards",3.783779349776267e-06,logic,0.0009364703470087579,"a large, green chair facing backwards",2.8612961129445543e-06,logic,0.0007292951686906125
108,108,a large thing facing to the left,3.067695870289859e-10,logic,0.005226974432311017,"a large, green thing facing backwards",4.482518849419722e-21,logic,0.0008372860334989014,"a large, green thing",2.1959760506218522e-07,logic,0.011315188381562707,"a large, green chair",1.40488088823201e-12,logic,0.0007094575384231271,"a large, green chair",4.823483896108163e-06,logic,0.00042558987477540156,"a large, green fan facing to the left",0.436609830746021,logic,0.010787605420617904,"a large, green fan facing to the left",0.005302642542445276,logic,0.00035469748727840297
109,109,a large thing,1.7227879330032037e-07,logic,0.008748585517950843,"a large, green chair facing to the left",6.69873214921449e-14,logic,0.00019363333366707796,"a large, green thing facing backwards",5.7984707988791885e-12,logic,0.003329157649815114,"a large, green chair facing backwards",1.1302263067387334e-15,logic,0.0006120684931928324,"a large, green chair facing backwards",3.417359131429617e-08,logic,0.0006883637218107043,"a large, green fan",0.500721290914669,logic,0.02148537043529655,"a large, green fan",0.006109022626111449,logic,0.0008284088188523276
110,110,a large thing facing backwards,5.275766160367018e-12,logic,0.0017677633978178244,"a large, green chair",7.684412856461455e-14,logic,0.0011145553294058125,"a large, green chair facing to the left",0.3544912276003235,logic,0.01103497099789416,"a large, green fan facing to the left",1.2542199830681727e-14,logic,0.000267556372372352,"a large, green fan facing to the left",2.2546078169744695e-05,logic,0.00028286997379630845,"a large, green fan facing backwards",5.1026930837844415e-05,logic,0.009008133690689915,"a large, green fan facing backwards",6.190386363387662e-06,logic,0.0008706395043214769
111,111,a large chair facing to the left,0.0009537923603405139,logic,0.008064448757102178,"a large, green chair facing backwards",1.0320241911452765e-15,logic,0.001388251468347327,"a large, green chair",0.4132384938179154,logic,0.02084419011764766,"a large, green fan",1.778537412655041e-14,logic,0.000605524832430022,"a large, green fan",2.98049624039436e-05,logic,0.0013093086351355814,a large thing facing to the left,9.694374914100895e-10,logic,0.0027580304560742355,a large thing facing to the left,2.2150088231824102e-11,logic,0.00039984369348037977
112,112,a large chair,0.004434119124714743,logic,0.014804166443046747,"a large, green fan facing to the left",2.7425955903014415e-15,logic,0.0003397667911737086,"a large, green chair facing backwards",5.381270944568478e-06,logic,0.00827853129363636,"a large, green fan facing backwards",5.950216519248579e-17,logic,0.0007535289344381724,"a large, green fan facing backwards",9.58571981341486e-08,logic,0.0009568141246722802,a large thing,6.587659359669917e-08,logic,0.004175223651093192,a large thing,1.3485818206789122e-08,logic,0.0018618993518250773
113,113,a large chair facing backwards,3.2198949558023573e-06,logic,0.0031143186761124096,"a large, green fan",3.3385391740881523e-15,logic,0.000998132167919448,"a large, green fan facing to the left",0.00012864760930180757,logic,0.0005254695571838495,a large thing facing to the left,2.8667940575677346e-19,logic,0.0002422839977485326,a large thing facing to the left,1.7254992421834011e-12,logic,0.0024146728231315908,a large thing facing backwards,1.3609994144344513e-12,logic,0.002121527398374934,a large thing facing backwards,4.893139541006587e-11,logic,0.00035814826634817136
114,114,a large fan facing to the left,4.028831736005978e-08,logic,0.0004607649107683682,"a large, green fan facing backwards",7.160054195534426e-17,logic,0.0008863128048179781,"a large, green fan",0.0001884018534111537,logic,0.0007702085345534011,a large thing,3.330519278230805e-17,logic,0.0016386785494903464,a large thing,1.9440363510351306e-07,logic,0.00823585210464092,a large chair facing to the left,9.972116207925529e-06,logic,0.0002527193341388963,a large chair facing to the left,4.069507345015909e-06,logic,0.00016881556592673207
115,115,a large fan,2.973918532295202e-07,logic,0.0007965806790475867,a large thing facing to the left,2.4520541674102835e-19,logic,0.0011484595065300203,"a large, green fan facing backwards",6.180369139244902e-08,logic,0.0009283696401733115,a large thing facing backwards,5.962727320032118e-20,logic,0.00028763655599142,a large thing facing backwards,2.621947212969151e-10,logic,0.005475566039100998,a large chair,2.4343644473512233e-05,logic,0.00040024581431193833,a large chair,2.6174264021652926e-05,logic,0.00048493684412711553
116,116,a large fan facing backwards,9.021835984887338e-08,logic,0.00032233104868920385,a large thing,2.7729033457680448e-15,logic,0.010763787730045833,a large thing facing to the left,2.749107814394514e-10,logic,0.004107142002754036,a large chair facing to the left,3.6795576400349673e-14,logic,0.00020791959430100285,a large chair facing to the left,1.1034153737532847e-06,logic,0.00012657329207348884,a large chair facing backwards,5.683780313301121e-07,logic,0.0002717426832409407,a large chair facing backwards,2.482679464911811e-06,logic,0.00025732977766693377
117,117,"a large, blue thing facing to the left",1.0393416939085605e-08,logic,0.007931307384948273,a large thing facing backwards,4.942324600680558e-17,logic,0.006984538295101501,a large thing,4.6601893064936575e-08,logic,0.007131409834258372,a large chair,2.0040247815898135e-13,logic,0.0010564482191495511,a large chair,2.00052204630348e-05,logic,0.000601685064420001,a large fan facing to the left,0.0014669242943272705,logic,0.011441292590282228,a large fan facing to the left,3.373722497618864e-05,logic,0.000743634812296768
118,118,"a large, blue thing",8.243637684902133e-08,logic,0.009396196933496475,a large chair facing to the left,2.200094264048001e-13,logic,0.00044231426071295407,a large thing facing backwards,1.4016590697451286e-13,logic,0.0017925450799408638,a large chair facing backwards,8.600412150212648e-15,logic,0.0003123300777200272,a large chair facing backwards,7.392457865817218e-06,logic,0.00035650084217491275,a large fan,0.002174287711375293,logic,0.014282716265025523,a large fan,0.00021687321587521326,logic,0.0027825258470376493
119,119,"a large, blue thing facing backwards",1.151133843068084e-11,logic,0.0012522343470910639,a large chair,1.8708231064983773e-11,logic,0.015195461414735417,a large chair facing to the left,0.0005591289278348119,logic,0.007164462043509983,a large fan facing to the left,4.833309549876069e-15,logic,0.00028444173428596403,a large fan facing to the left,2.3949782335930627e-05,logic,0.0022751891081575905,a large fan facing backwards,1.2770919338529652e-06,logic,0.003950921018712943,a large fan facing backwards,3.952576631265525e-05,logic,0.0007613890175751824
120,120,"a large, blue chair facing to the left",0.39074023019435283,logic,0.011736996544627855,a large chair facing backwards,1.1127196943220901e-11,logic,0.013212366699238436,a large chair,0.001931024067065667,logic,0.011563871234104397,a large fan,2.860487318308577e-14,logic,0.0007578877761739596,a large fan,0.0049038630005790226,logic,0.025017075697119036,"a large, blue thing facing to the left",3.856308416356975e-11,logic,0.000766794562860561,"a large, blue thing facing to the left",1.1389771285290468e-09,logic,0.00017582889490996904
121,121,"a large, blue chair",0.4686352442686095,logic,0.016087534170345485,a large fan facing to the left,2.5991855702332092e-14,logic,0.0004556558322817907,a large chair facing backwards,3.545300396704014e-07,logic,0.0031349745406533264,a large fan facing backwards,3.633110206899235e-15,logic,0.0002883321032065467,a large fan facing backwards,0.002347819995170886,logic,0.012016517595364923,"a large, blue thing",7.570318746549577e-10,logic,0.0006624264924938948,"a large, blue thing",4.279967879850628e-08,logic,0.00042844983248388317
122,122,"a large, blue chair facing backwards",9.224019246762346e-05,logic,0.0029274352083443643,a large fan,8.168138866350433e-13,logic,0.0015254467998285749,a large fan facing to the left,4.2935955779572505e-07,logic,0.0004233855307614156,"a large, blue thing facing to the left",5.624315658894794e-18,logic,0.00013248400312743767,"a large, blue thing facing to the left",2.2586135365083642e-10,logic,0.004007064885123244,"a large, blue thing facing backwards",1.0520369587796156e-10,logic,0.00039389845386941834,"a large, blue thing facing backwards",5.682267154421003e-09,logic,0.00014952385927101633
123,123,"a large, blue fan facing to the left",4.444637373808182e-06,logic,0.0015263779793359853,a large fan facing backwards,4.826593422575872e-13,logic,0.0005461619848185199,a large fan,8.247599686642399e-07,logic,0.0007433153967180748,"a large, blue thing",4.736096838869578e-17,logic,0.00037090252015998105,"a large, blue thing",1.3617767762685053e-07,logic,0.00963535480804146,"a large, blue chair facing to the left",1.635433910533275e-05,logic,0.0002871246208674642,"a large, blue chair facing to the left",0.0024630563026908706,logic,0.00023039220944662763
124,124,"a large, blue fan",3.05201595124452e-05,logic,0.0005074163048765373,"a large, blue thing facing to the left",2.4901864246417612e-17,logic,0.0006015156087187934,a large fan facing backwards,6.775128209393358e-09,logic,0.0002538985114512828,"a large, blue thing facing backwards",3.9545121962705994e-19,logic,0.0001216793583752841,"a large, blue thing facing backwards",3.087691809657192e-08,logic,0.006997558466110705,"a large, blue chair",2.0357496949071996e-05,logic,0.00022060890323942906,"a large, blue chair",0.0029805441766615603,logic,0.0002549651193452394
125,125,"a large, blue fan facing backwards",1.5177199871255265e-05,logic,0.0002686504355908323,"a large, blue thing",6.236070352587576e-15,logic,0.008936596643437244,"a large, blue thing facing to the left",8.376668795871636e-10,logic,0.0005680424943602118,"a large, blue chair facing to the left",5.057404855529676e-12,logic,0.00022891867367657784,"a large, blue chair facing to the left",0.00024866633456966313,logic,0.00016245378401835036,"a large, blue chair facing backwards",1.1376611022407338e-06,logic,0.00021192671032901783,"a large, blue chair facing backwards",8.796320740816491e-05,logic,0.00022375684643525566
126,126,"a small, grey thing facing forwards",1.1894390782573573e-10,logic,0.00033354745625798393,"a large, blue thing facing backwards",2.761987456658198e-15,logic,0.00696351906024805,"a large, blue thing",6.58458943235255e-09,logic,0.000587602716432207,"a large, blue chair",6.14472366387496e-12,logic,0.0004539713350406456,"a large, blue chair",0.0005093064991842833,logic,0.0003325805970267939,"a large, blue fan facing to the left",6.220088368947083e-06,logic,0.005646369633027628,"a large, blue fan facing to the left",3.1376483594420225e-05,logic,0.0012557038292714804
127,127,"a small, grey thing",5.401789441821062e-10,logic,0.0012352067720509759,"a large, blue chair facing to the left",8.14510234597614e-12,logic,0.0002734230298162099,"a large, blue thing facing backwards",3.7836895107346317e-11,logic,0.00022982613421027156,"a large, blue chair facing backwards",1.8368756338965686e-13,logic,0.0002123119048426818,"a large, blue chair facing backwards",0.00015925940560054734,logic,0.00033820531616433197,"a large, blue fan",0.00010169938447915841,logic,0.0014698031349997828,"a large, blue fan",0.004870240219376122,logic,0.0006605037348697452
128,128,"a small, grey chair facing forwards",3.742255004098383e-05,logic,0.00039234848031939785,"a large, blue chair",1.357871976556589e-08,logic,0.013220451697407666,"a large, blue chair facing to the left",0.0002891194458905047,logic,0.0015162924101096453,"a large, blue fan facing to the left",8.819929099566062e-15,logic,0.0009320331684095171,"a large, blue fan facing to the left",0.0003773628382764357,logic,0.002637871183836513,"a large, blue fan facing backwards",6.972718949497869e-05,logic,0.0007978585880048897,"a large, blue fan facing backwards",0.0040173947124470324,logic,0.00029541374202890724
129,129,"a small, grey chair",4.7460900108951305e-05,logic,0.0008977997836054152,"a large, blue chair facing backwards",1.3238464515111384e-08,logic,0.013110134316661125,"a large, blue chair",0.0003575852735521945,logic,0.0011208371974618153,"a large, blue fan",2.6122458875041385e-13,logic,0.00042692181136915554,"a large, blue fan",0.5505454381023833,logic,0.026031922673515843,"a small, grey thing facing forwards",6.717979669941504e-10,logic,0.0003612469699876302,"a small, grey thing facing forwards",5.790199824978783e-08,logic,0.00855125063922728
130,130,"a small, grey fan facing forwards",3.8101296808112545e-05,logic,0.00038949022871539925,"a large, blue fan facing to the left",5.379690870607679e-13,logic,0.000984074528690394,"a large, blue chair facing backwards",8.800284208293627e-06,logic,0.0008531333099967906,"a large, blue fan facing backwards",1.548023317860459e-13,logic,0.0002260970819672858,"a large, blue fan facing backwards",0.36326765909249786,logic,0.012913148935079931,"a small, grey thing",2.3864324940460114e-09,logic,0.0010853080086973713,"a small, grey thing",1.1280946155173024e-07,logic,0.009157514336747045
131,131,"a small, grey fan",4.897158048752419e-05,logic,0.0006461804134289286,"a large, blue fan",3.6744255534945025e-11,logic,0.0008204780526707638,"a large, blue fan facing to the left",1.5628343893142564e-06,logic,0.0012410428733896101,"a small, grey thing facing forwards",1.0634593983637418e-16,logic,0.006500898517655296,"a small, grey thing facing forwards",4.00954060627983e-09,logic,0.0002971899486898697,"a small, grey chair facing forwards",5.0003152949186847e-05,logic,0.00019027344700044585,"a small, grey chair facing forwards",0.0016990177767399039,logic,0.000533536277540117
132,132,"a small, green thing facing forwards",7.456014918363141e-13,logic,0.0008777746802708866,"a large, blue fan facing backwards",2.693491990195501e-11,logic,0.0004022916241284282,"a large, blue fan",9.086703722183039e-06,logic,0.00037018380925816965,"a small, grey thing",2.8053181476573584e-16,logic,0.013585205969739899,"a small, grey thing",1.1820037801677282e-08,logic,0.0017601196126727431,"a small, grey chair",6.840867762326113e-05,logic,0.0003409189488928645,"a small, grey chair",0.0022449589547583683,logic,0.0009581187933861011
133,133,"a small, green thing",9.68336018107046e-11,logic,0.0018656253674039858,"a small, grey thing facing forwards",3.883391125349678e-17,logic,0.0004348071290132259,"a large, blue fan facing backwards",4.7172858495139435e-06,logic,0.00022511818122444627,"a small, grey chair facing forwards",9.125459648087088e-10,logic,0.013969767777858522,"a small, grey chair facing forwards",0.00013191162339996575,logic,0.00018944249812351916,"a small, grey fan facing forwards",0.00022576253439409103,logic,0.0007670289948882302,"a small, grey fan facing forwards",0.454056296627222,logic,0.015540383539693932
134,134,"a small, green chair facing forwards",2.7238402094378933e-08,logic,0.0011670116529694501,"a small, grey thing",1.2160256945430744e-16,logic,0.0022877388170423536,"a small, grey thing facing forwards",6.319593050621954e-10,logic,0.0004244824339052716,"a small, grey chair",1.1760400633474728e-09,logic,0.024735666879542362,"a small, grey chair",0.00017433536456127254,logic,0.0004616726037291934,"a small, grey fan",0.0002611730501818461,logic,0.001830073261537352,"a small, grey fan",0.4960556579536557,logic,0.028579883547215513
135,135,"a small, green chair",1.347381977734376e-06,logic,0.002119445938413948,"a small, grey chair facing forwards",1.1367044683279646e-11,logic,0.0003773688342471728,"a small, grey thing",2.8425493676085453e-09,logic,0.0012940676192076009,"a small, grey fan facing forwards",1.442070448691286e-11,logic,0.0003436649000767884,"a small, grey fan facing forwards",0.00282427613973514,logic,0.0005138758390748541,"a small, green thing facing forwards",3.88599392741844e-13,logic,0.003129223087584454,"a small, green thing facing forwards",3.385442244959413e-12,logic,0.004101764508430409
136,136,"a small, green fan facing forwards",5.79769019747729e-08,logic,0.0007772642651231375,"a small, grey chair",1.379926871339872e-11,logic,0.0012626294717715328,"a small, grey chair facing forwards",0.0001209489438956569,logic,0.0004255157921775027,"a small, grey fan",2.277227182033604e-11,logic,0.0010323279207596987,"a small, grey fan",0.0032103260988409505,logic,0.0017533248028315691,"a small, green thing",1.9277607964346858e-10,logic,0.005156361817471605,"a small, green thing",1.8536281221325992e-10,logic,0.005682282244274476
137,137,"a small, green fan",6.767571209017223e-07,logic,0.001544539145720443,"a small, grey fan facing forwards",4.452400632969385e-12,logic,0.000564859595602979,"a small, grey chair",0.0001636969822525488,logic,0.001017768868562382,"a small, green thing facing forwards",6.329418769326277e-21,logic,0.002980302763256486,"a small, green thing facing forwards",8.662899176093877e-12,logic,0.0007815293834383027,"a small, green chair facing forwards",4.251601154553193e-08,logic,0.0013942571279055586,"a small, green chair facing forwards",1.4313085166026536e-07,logic,0.0011703044381524256
138,138,a small thing facing forwards,2.9050329530412777e-11,logic,0.0009033772712660554,"a small, grey fan",5.250724846293443e-12,logic,0.0011092966134709807,"a small, grey fan facing forwards",6.03346902141022e-05,logic,0.0004224592599171991,"a small, green thing",2.274960439082151e-19,logic,0.00507103485708629,"a small, green thing",9.54353215621284e-10,logic,0.0017392478822371308,"a small, green chair",2.329763119098951e-06,logic,0.0015058462142633188,"a small, green chair",1.629431391122461e-06,logic,0.0019996923875667044
139,139,a small thing,1.5683274715677207e-09,logic,0.002870059184795435,"a small, green thing facing forwards",2.2655571969421673e-19,logic,0.0009524418816856598,"a small, grey fan",7.992925838527157e-05,logic,0.0007349215224406589,"a small, green chair facing forwards",5.629022008829496e-16,logic,0.0055753661256148284,"a small, green chair facing forwards",5.244014963557254e-07,logic,0.0006857224508419565,"a small, green fan facing forwards",6.921514984124694e-08,logic,0.004310818956240027,"a small, green fan facing forwards",8.453983350547493e-07,logic,0.006870485702420049
140,140,a small chair facing forwards,3.2394347233007307e-06,logic,0.0008523385434107581,"a small, green thing",1.749280128649564e-17,logic,0.002707071463134942,"a small, green thing facing forwards",1.2140538838520488e-12,logic,0.0022951822379631923,"a small, green chair",5.106901092144132e-15,logic,0.008443490950623207,"a small, green chair",8.568305460566026e-06,logic,0.0010685556078163683,"a small, green fan",1.2305244500966592e-05,logic,0.010124840620333926,"a small, green fan",2.9404234707980737e-06,logic,0.008847417701679893
141,141,a small chair,9.68194429525645e-06,logic,0.003148167083675856,"a small, green chair facing forwards",6.7593849207193564e-15,logic,0.0010859872170273783,"a small, green thing",4.1415032987965223e-10,logic,0.004939412531410974,"a small, green fan facing forwards",5.713477089381984e-17,logic,0.00090306799622321,"a small, green fan facing forwards",2.0463533044664674e-06,logic,0.0009846320461296626,a small thing facing forwards,3.833011207861678e-11,logic,0.0008256557261285076,a small thing facing forwards,1.963667818366865e-09,logic,0.007941336012656123
142,142,a small fan facing forwards,1.5576208611483793e-07,logic,0.0003621958077507985,"a small, green chair",1.7779225034104505e-13,logic,0.0024845907004731227,"a small, green chair facing forwards",2.6916953436652447e-07,logic,0.0038955942722178113,"a small, green fan",1.7442487208526345e-16,logic,0.002091634290684826,"a small, green fan",3.070658803846096e-05,logic,0.0022792650494596407,a small thing,5.093770567190918e-09,logic,0.0022801696862234937,a small thing,1.34717880741396e-07,logic,0.011952700755246291
143,143,a small fan,2.981313044021132e-07,logic,0.001333906274501447,"a small, green fan facing forwards",3.367420175736007e-15,logic,0.0011468493824108596,"a small, green chair",1.0748617599449937e-05,logic,0.009307848762593027,a small thing facing forwards,3.978420915284834e-18,logic,0.007557510494283054,a small thing facing forwards,6.007901544525979e-11,logic,0.0008412783684252804,a small chair facing forwards,1.7217631304890468e-06,logic,0.0002723146853001855,a small chair facing forwards,8.908636678694762e-05,logic,0.000924314387826507
144,144,"a small, blue thing facing forwards",1.814721177765489e-12,logic,0.00346362745302241,"a small, green fan",6.443508660248283e-14,logic,0.0026157480857206135,"a small, green fan facing forwards",4.6985674770696356e-08,logic,0.0012564937740102108,a small thing,4.0176356784095677e-16,logic,0.014804838457790194,a small thing,1.7593406064073997e-08,logic,0.004406023724722681,a small chair,7.006584517477981e-06,logic,0.00061337851612389,a small chair,0.0001751138265504892,logic,0.001662712229799769
145,145,"a small, blue thing",1.29310044026438e-10,logic,0.00780950446068084,a small thing facing forwards,2.4908787032495663e-18,logic,0.0009483813114518696,"a small, green fan",3.369606150228757e-07,logic,0.002350231050556278,a small chair facing forwards,2.371995152592066e-12,logic,0.015817458621249687,a small chair facing forwards,4.546879341403141e-06,logic,0.00023617210551469113,a small fan facing forwards,7.0453534320252475e-06,logic,0.001012478310832435,a small fan facing forwards,0.0008111514560768013,logic,0.01931384361812408
146,146,"a small, blue chair facing forwards",2.7724516094637815e-07,logic,0.005768041167853263,a small thing,2.521137215111179e-16,logic,0.005132892224275934,a small thing facing forwards,2.2776812688570008e-11,logic,0.0009916616914381388,a small chair,1.0423340805259483e-11,logic,0.029689382301746503,a small chair,1.6223975037906124e-05,logic,0.0008816815370298174,a small fan,1.2975354533543662e-05,logic,0.0042719954208101174,a small fan,0.001419084369677101,logic,0.03815876342324064
147,147,"a small, blue chair",4.664928283959779e-06,logic,0.010383642952586614,a small chair facing forwards,2.2572480999656738e-13,logic,0.00047035119044388856,a small thing,3.896361868895095e-09,logic,0.00269674376936353,a small fan facing forwards,1.2539562268177592e-15,logic,0.0003721613689819844,a small fan facing forwards,4.6209870730379615e-05,logic,0.0007535214109431122,"a small, blue thing facing forwards",1.8034621259110504e-11,logic,0.001241125046458916,"a small, blue thing facing forwards",2.4012620528490075e-11,logic,0.0035526402746795123
148,148,"a small, blue fan facing forwards",9.399601540373158e-08,logic,0.001032987553241324,a small chair,6.136000339158807e-13,logic,0.0037583980653046697,a small chair facing forwards,4.6609229722326745e-06,logic,0.0008053316150743709,a small fan,2.7890472488626215e-15,logic,0.001478432533976442,a small fan,9.607919483236424e-05,logic,0.005148456590127657,"a small, blue thing",7.318954375648175e-10,logic,0.0009383345270556363,"a small, blue thing",1.3277131643668023e-10,logic,0.0022292331986839223
149,149,"a small, blue fan",2.0554753453780272e-07,logic,0.0013416911109747813,a small fan facing forwards,2.5537888170887466e-14,logic,0.00048728627184772946,a small chair,1.9985077921180402e-05,logic,0.00361081077158045,"a small, blue thing facing forwards",9.462775648833416e-20,logic,0.0022675756305345542,"a small, blue thing facing forwards",1.2101114336798644e-10,logic,0.0023140152047423862,"a small, blue chair facing forwards",1.806305896731e-07,logic,0.0007853389084569938,"a small, blue chair facing forwards",3.234421089161375e-07,logic,0.0011088674153327991
150,150,,,,,a small fan,4.73988547050705e-14,logic,0.0021827495425148385,a small fan facing forwards,1.80372340844633e-07,logic,0.00035372169184834113,"a small, blue thing",5.119471570554751e-19,logic,0.0014797154248897579,"a small, blue thing",2.606401797622195e-09,logic,0.007255615224662763,"a small, blue chair",2.612011803598027e-06,logic,0.0006533870368911751,"a small, blue chair",8.5174452851338e-07,logic,0.0013128945009839752
151,151,,,,,"a small, blue thing facing forwards",3.397412323752929e-19,logic,0.00233791404099919,a small fan,4.4130392719438667e-07,logic,0.0014037763598894607,"a small, blue chair facing forwards",2.811007801390052e-15,logic,0.003813461258443607,"a small, blue chair facing forwards",3.507248813121631e-06,logic,0.0009258546374875546,"a small, blue fan facing forwards",5.297032209279429e-07,logic,0.002344445043637374,"a small, blue fan facing forwards",1.426511130053341e-06,logic,0.007931361626788985
152,152,,,,,"a small, blue thing",3.0471901759372443e-17,logic,0.009848337858660645,"a small, blue thing facing forwards",8.650348144039496e-12,logic,0.0010173284679507626,"a small, blue chair",4.977213900251985e-15,logic,0.00416805391948708,"a small, blue chair",1.3750737303861997e-05,logic,0.0016768629314310804,"a small, blue fan",2.4545724935956143e-06,logic,0.0027912312584522,"a small, blue fan",2.0089634517220683e-06,logic,0.006187562941309509
153,153,,,,,"a small, blue chair facing forwards",1.0161138039716748e-14,logic,0.0019549677833004195,"a small, blue thing",6.758500977880716e-10,logic,0.0009647283462933486,"a small, blue fan facing forwards",5.185994812535906e-16,logic,0.0008564828908420568,"a small, blue fan facing forwards",2.184474046518238e-05,logic,0.0026771313188807206,,,,,,,,
154,154,,,,,"a small, blue chair",3.7431574660448415e-13,logic,0.011101779581611619,"a small, blue chair facing forwards",1.2683471159965753e-07,logic,0.0016251443954824385,"a small, blue fan",9.829807877587563e-16,logic,0.0011827057728098199,"a small, blue fan",6.044286410616937e-05,logic,0.016669427952428126,,,,,,,,
155,155,,,,,"a small, blue fan facing forwards",2.2767218104156558e-14,logic,0.0014770013032484332,"a small, blue chair",1.8138257964158155e-06,logic,0.0018348209681486583,,,,,,,,,,,,,,,,
156,156,,,,,"a small, blue fan",8.356033044500551e-14,logic,0.002447406412042316,"a small, blue fan facing forwards",1.1321436655607618e-07,logic,0.0009203252999209331,,,,,,,,,,,,,,,,
157,157,,,,,,,,,"a small, blue fan",4.86628350753053e-07,logic,0.0011072622219131553,,,,,,,,,,,,,,,,
