,Unnamed: 0,S1,p_llm_1,seq_type1,p_rsa_1,S2,p_llm_2,seq_type2,p_rsa_2,S3,p_llm_3,seq_type3,p_rsa_3,S4,p_llm_4,seq_type4,p_rsa_4,S5,p_llm_5,seq_type5,p_rsa_5,S6,p_llm_6,seq_type6,p_rsa_6,S7,p_llm_7,seq_type7,p_rsa_7
0,0,a large grey desk facing forwards is in the room,5.172315096300906e-05,topk,0.007574577816227014,a large desk that is blue in colour and facing forwards,1.2948430460502608e-05,topk,0.007056265816203843,"a large, red desk""",6.279224119406361e-05,topk,0.019763669154259634,"a small, green desk",0.02356238574007393,topk,0.018477150161127335,a large fan that is blue in colour,4.833427120027233e-15,topk,0.011107507312873065,"a large, red fan""",5.100228766472797e-05,topk,0.025022157869267134,"a small, green fan",0.0004986491126818798,topk,0.02325168746172719
1,1,"a large, grey, desk, facing forwards",3.848924959579403e-05,topk,0.009994700620392967,"a small, green desk facing to the left",3.7777668273610516e-05,topk,0.0002211420764097256,"a small, green desk",4.6230735245489034e-05,topk,0.0006589976040370856,"a large, blue desk",0.0006217133567723274,topk,0.0005739635434170319,"a small, green fan facing to the left",4.207317497906104e-14,topk,0.0002715336719391976,"a small, green fan facing to the left",2.958877103616093e-05,topk,0.00019437668091128708,"a small, green desk facing to the left",3.872489773622504e-05,topk,0.0003136376236950453
2,2,a large grey desk facing forward,0.00012313529502379646,topk,0.011264848104636634,a large desk,0.00030950326618480183,topk,0.01198633040042902,"a small, green desk facing to the left",2.0506588117206095e-05,topk,0.00018866845345047394,"a small, green desk facing to the left",0.047883520843137836,topk,0.009834614678303178,a large fan that is blue in colour and facing forwards,4.505318210391264e-15,topk,0.007198130063507487,a red desk facing backwards,9.834586630745064e-05,topk,0.0008428493989749399,"a small, green fan on the left",0.00010245377757532206,topk,0.014491793995248928
3,3,a large desk,0.0005603724361769017,topk,0.013468670603767816,a large desk that is blue in color and facing forwards,1.8698591181484516e-05,topk,0.007208775933695633,a large desk,0.00022529998030956685,topk,0.008122876186577855,"a small, green fan",0.0003150948363552928,topk,0.0014534260710051326,"a blue, large fan facing forwards",1.4163430688427296e-14,topk,0.010931892334803931,"a large, red fan facing backward",0.00019178580587375814,topk,0.013491464197150475,"a small, green fan facing to the left",0.0017628946434926022,topk,0.011987131518268045
4,4,"a large grey desk facing forwards""",6.445281457611717e-05,topk,0.010755491828812951,"a large blue desk, facing forwards",5.318834353725196e-05,topk,0.010878214701011326,a desk facing backwards,0.0002925212588271838,topk,0.01306686121874029,"a small green desk, facing to the left",0.00012045292979914307,topk,0.009919706976881689,a blue fan in the room,1.56988535296768e-14,topk,0.015080732223859228,"a large, red fan",0.018477541188774236,topk,0.026164703880242047,a small fan facing left,7.327014758984843e-05,topk,0.018056007674966033
5,5,"a large desk, facing forwards, grey in color",9.4133790168014e-06,topk,0.00805591255618647,a blue desk,0.0045734138356047374,topk,0.0299641690160404,a large red desk,0.0012901769890424197,topk,0.023017780473993103,"a small, green desk facing to the left'",9.763286728547117e-05,topk,0.00984529974682165,a large fan,4.861186981335478e-13,topk,0.022235825524233758,"a large, red fan facing the wall",1.6507375581766933e-05,topk,0.009648579555302085,a small green fan is facing to the left,5.254830876086809e-05,topk,0.011863622575870562
6,6,"a large, grey desk",0.13946453046495932,topk,0.018625323355986517,a blue desk in the room,2.9603771415444477e-05,topk,0.014828606671083095,"a small, green fan facing to the left",3.6501972784392144e-05,topk,0.0003390454029322762,a large desk,8.389713117361896e-05,topk,0.00112449371537745,"a  large, blue fan  facing forwards",1.5873003777814582e-14,topk,0.010401308351465426,"a large, red fan facing forwards",0.00014590294711535273,topk,0.002462459345477462,a small green desk facing left,8.294791988776258e-05,topk,0.0005002212907666301
7,7,a large grey desk facing forwards in a room,7.093299551083641e-05,topk,0.008332752045807872,a desk facing forwards,5.193552939451791e-05,topk,0.007957268936107039,"a large, red desk, facing backwards",3.291312991928199e-05,topk,0.01297569073265629,a small desk facing the left,8.502511424993813e-05,topk,0.012532138910239072,a blue fan ,6.182404317723509e-14,topk,0.027745899079959606,a large red fan ,5.363079315727521e-05,topk,0.026196044475516662,a small green fan facing the left,9.559346109350347e-05,topk,0.013821646220544387
8,8,a blue desk,7.222518162516625e-05,topk,0.0031153511900631065,a blue desk facing forwards ,6.127489749216085e-05,topk,0.010943255731738287,a large red desk is facing backwards,2.7432369482816122e-05,topk,0.01279305242416785,"a green, small desk",0.00037330185821006284,topk,0.019312188604260108,a blue desk facing forwards,3.6923089645563004e-14,topk,0.0005263458079812375,"a large red fan, facing backwards",3.8068027642718655e-05,topk,0.013218540384730587,a small green fan to the left,0.00039224239689214914,topk,0.015338883097893002
9,9,"a large desk facing forwards, grey in colour",1.0463754644710153e-05,topk,0.00816109226165341,a blue desk facing forwards in the room,4.508219585746553e-05,topk,0.008561850973237882,"a large, red desk with its back facing us",1.4031568909019346e-05,topk,0.0106524085437506,a small green desk facing left,0.00011331207014811693,topk,0.012472601699913887,a fan facing forwards,5.883795284382256e-14,topk,0.011941148379316783,"a large, red fan faces backwards",5.127921224502903e-05,topk,0.0133751672638474,a small green fan facing left,9.808950013092078e-05,topk,0.015625904789180408
10,10,a large desk that is grey in colour and facing forwards,8.442992530496457e-06,topk,0.006751057943167088,a large desk facing forwards that is blue in color,6.414120538155079e-06,topk,0.007708531809066004,a large desk with a red color facing backwards,1.2761130356110269e-05,topk,0.009736150938854153,"a small, green desk faces to the left",9.921784986019805e-05,topk,0.010214570246543635,a large blue desk facing forwards,5.877177763700791e-14,topk,0.00034309004449945284,"a large, red fan in the room",3.288467466582103e-05,topk,0.014983339070290157,"a large, blue fan facing forwards",0.00019611661575020186,topk,0.0003380904467550472
11,11,"a grey, large desk",4.669634363123591e-05,topk,0.019144635812410212,a blue desk facing forwards,0.003345496046542532,topk,0.011664877300260536,"a large red desk, facing backwards",3.054318990546553e-05,topk,0.013396211082202694,a green desk,0.0009213177212528139,topk,0.027881411930336962,"a blue fan, facing forwards",6.546843440980134e-14,topk,0.012650549126829292,a large fan facing backwards,9.132724427239264e-05,topk,0.008656153284711168,"a small, green fan that is facing to the left",3.2480827660188744e-05,topk,0.010238726234319392
12,12,a large desk that is grey in color and facing forwards,1.2545804545209735e-05,topk,0.006887901625249965,a large blue desk facing forwards,0.006493081040377417,topk,0.011214363717035651,"a large, red desk facing the wall",1.9237315995558854e-05,topk,0.007277375784413324,"a small, green desk facing to the left in the room",7.26784096230053e-05,topk,0.007467580840995447,a large fan facing forwards,2.4254367124695957e-14,topk,0.009776815554644755,a large fan,0.00014748602616773476,topk,0.009888387412233584,a small green fan facing to the left ,0.00010264918334081889,topk,0.012609020697926965
13,13,a large grey desk facing forwards 1,1.0981241798368678e-05,topk,0.009034028418791425,"a blue desk""",2.534802474433474e-05,topk,0.0249870715636908,a large desk that is red in colour and facing backwards,5.3042101613333455e-06,topk,0.008600757569433504,"a small, green desk facing to the left""",0.0004585591044625882,topk,0.009968599519359668,a large fan that is blue in color,4.430160034444784e-15,topk,0.01146413492986371,a large red fan,0.0012206312260422147,topk,0.02798978793141741,a small green fan facing left ,4.2881154368313574e-05,topk,0.015686786129414914
14,14,a large grey desk ,5.797625837212357e-05,topk,0.019498220170863438,a large desk that is blue in colour,1.055655647091567e-05,topk,0.011007171088289084,"a large, red desk that is facing backwards",9.860666096267282e-05,topk,0.010889634552626714,a small green desk ,0.0003429873119250465,topk,0.018690900377937907,a blue fan,6.632751621630522e-14,topk,0.031034408715791443,"a  large, red fan facing backwards",4.567196229559199e-05,topk,0.012426660438839974,a small fan facing to the left,0.0003546745507415291,topk,0.014108997534133466
15,15,"a desk, grey, large",4.5537343875224534e-05,topk,0.017678170162495663,"a large desk, blue in colour, facing forwards",4.298836799744347e-05,topk,0.008496899072640871,"a large, red desk backwards",4.0541717998051954e-05,topk,0.015361449314913813,"a small, green desk to the left",0.00021108840835322017,topk,0.011224432474528805,"a large fan, blue",9.888804799191069e-14,topk,0.019624341216642152,"a large, red fan  facing backwards",0.00014853054441484696,topk,0.012569899036175778,a green desk facing left,5.89500645999273e-05,topk,0.00048316322680998577
16,16,a large desk ,4.073339232271535e-05,topk,0.012348906900445196,a large blue desk is facing forwards,2.949431977638854e-05,topk,0.01051710481914546,"a large, red desk facing backward",0.0001046068881636282,topk,0.013599442374877698,a green desk to the left,0.00010955363365706127,topk,0.014529379524072562,a large fan is facing forwards,2.632078687900027e-14,topk,0.009630513444628857,"a large, blue fan facing forwards",2.787167658222784e-05,topk,0.00027042647021179446,a small green fan facing to the left,0.008479270402718371,topk,0.012563668776972677
17,17,a large grey desk  facing forwards,0.00011533980910616622,topk,0.01067828442169557,a large desk is blue and facing forwards,2.268717821898924e-05,topk,0.009530761651622852,a large desk facing backwards is red,2.3375568874955052e-05,topk,0.012455866866660285,a green desk facing left,0.0010744620511310388,topk,0.015358151517887973,"a fan, facing forwards",2.128126182858913e-14,topk,0.012621352513582077,"a large, red fan that is facing backwards",4.464964123282903e-05,topk,0.010607142308076335,"a small, green fan""",7.52847557480427e-05,topk,0.023745161175726417
18,18,a large grey desk is facing forwards,7.649509780439592e-05,topk,0.010149135377864004,"a  large, blue desk facing forwards",2.329404232843018e-05,topk,0.010583516080472,a large desk that is red in color and facing backwards,9.346148616196972e-06,topk,0.008761824522865832,a green table,0.00010461998544379506,topk,0.02542314272093129,a blue fan facing forwards in the room,1.8157991328466412e-14,topk,0.009430307211328239,"a large, red fan facing to the left",3.56633789874031e-05,topk,0.0031186236315696478,"a small, green fan is facing to the left",7.985548430195677e-05,topk,0.01150200665231335
19,19,a gray desk,6.289519348221389e-05,topk,0.030421766273673403,"a large desk, blue in color, facing forwards",4.998898852206804e-05,topk,0.008744937537565427,a large desk facing backwards,4.407078512701064e-05,topk,0.010902068163094634,"a large, red desk",0.0002480762135789136,topk,0.001087639835750789,"a blue fan facing forwards""",1.805659120443683e-14,topk,0.013454492507125016,a large red fan facing backwards,0.006368104084778272,topk,0.013411258604313326,a green fan,0.0019168954283859986,topk,0.0327521555818548
20,20,a large grey desk  (1),2.418410110943669e-05,topk,0.014850737956019877,a large desk in the room,2.1863619996443227e-05,topk,0.0061242346161039275,"a large, red desk that faces backwards",1.5801503726445545e-05,topk,0.011889170134478414,"a small, green desk facing the left",0.00048287569784196684,topk,0.010589740577729066,"a  large, blue fan facing forwards",7.66470006106777e-14,topk,0.010602208025150996,a red fan ,2.7659155846901645e-05,topk,0.035893143473049754,"a small, green fan facing the left",0.0005405140180435377,topk,0.013306195518297115
21,21,a large grey desk facing forwards in the room,0.00018528390788917718,topk,0.00792851889242322,a large desk with a blue color,1.97877311202596e-05,topk,0.01253926799120263,"a large, red desk",0.020039418102508616,topk,0.02098316103184019,a small green desk facing the left,8.169037797966939e-05,topk,0.01100821455634426,a large fan that is blue,1.3120886658117787e-14,topk,0.015335116276281115,"a large, red desk",7.021896369764643e-05,topk,0.0010370581462329572,"a large, red fan facing backwards",0.00022884402727469243,topk,0.00023421257784244173
22,22,a large grey facing forwards desk,5.23991675647616e-05,topk,0.010596870974374048,"a large,",2.7960475764931134e-05,topk,0.011504772839614763,a large desk that is red and facing backwards,2.0987723218136485e-05,topk,0.010393081122873122,a small green desk,0.00027993808536169653,topk,0.01976100889612714,a fan,3.0145363403197336e-13,topk,0.03184380695667299,a fan facing backwards,0.00031912840845354216,topk,0.013608450843354719,"a large, blue desk facing forwards",6.706957324287039e-05,topk,0.0001863942787788524
23,23,a large desk in the room,3.834994529219579e-05,topk,0.007236182079524922,a large desk that is blue and facing forwards,2.862965464042068e-05,topk,0.008524647190745254,"a large, red desk  ",6.684199281411447e-05,topk,0.01961237033659696,a small green desk to the left,0.00021039824194491293,topk,0.011905031050602222,a large blue fan,1.549134748256266e-11,topk,0.02262414164189252,"a red fan, facing backwards",4.2350179549259554e-05,topk,0.015398102381489297,a small green fan,0.00018884972388730502,topk,0.023944203172588892
24,24,"a grey, large desk facing forwards",0.00034996450850532446,topk,0.010403981513906252,a large blue desk ,0.00015246165913884068,topk,0.02040537086760713,"a large, red desk facing away",2.8154562001162613e-05,topk,0.01536348107209136,"a small, green desk""",0.0001265761869113651,topk,0.017620021971317453,a green fan,9.437277379383057e-14,topk,0.0028112578688411086,"a large, red fan  ",3.767507682977651e-05,topk,0.023167570846034494,a small green desk facing to the left,0.00035114406011505796,topk,0.00031871528662002504
25,25,a grey facing forwards desk,5.903522660623737e-05,topk,0.01208671274846883,a large blue desk,0.0018573632416977585,topk,0.021378156631188396,a large red desk facing backward,5.893803056591096e-05,topk,0.014011462759426732,a small desk facing left,0.0005675857299903904,topk,0.014356774318870925,a blue fan facing forwards ,2.4297799284066063e-14,topk,0.012551170246082781,a fan,0.00011399945689458779,topk,0.029160838022326278,"a small, green fan faces to the left",6.129486078815179e-05,topk,0.01262506822189318
26,26,a grey desk,0.047326948490985565,topk,0.029420172346946907,a small green desk,3.4379904802971754e-05,topk,0.0007136253250970696,a red table,4.941760200739827e-05,topk,0.03454697863937725,"a small, green desk facing left",0.0011468652702651702,topk,0.011943062382708945,"a large fan, facing forwards",2.6900547674876715e-14,topk,0.011026667290795813,"a large,",3.094572276874158e-05,topk,0.007571448094036839,a green desk facing to the left,9.386725565001506e-05,topk,0.00026931360580411794
27,27,"a large,",4.226281910623711e-05,topk,0.009624926583569417,a blue table,2.7932757717762008e-05,topk,0.025882622870315657,"a large, red desk ",0.0013851746586183624,topk,0.02017330709181453,a small green desk facing to the left,0.0003541341785905872,topk,0.010174572118014582,"a large,",2.4624244347401083e-14,topk,0.009562042004170076,"a large, red fan, facing backwards",0.00026896792156430225,topk,0.01271474796865928,"a small, green fan to the left",0.0005809662914355879,topk,0.014850747820044401
28,28,a large grey desk in the room,6.266958866672235e-05,topk,0.01196341598517501,a large blue desk  facing forwards,1.4556034912625892e-05,topk,0.010925889317503597,"a large, red desk face backwards",2.7638824570147742e-05,topk,0.013060824488939495,a green desk facing to the left,0.0010894294495412413,topk,0.012142449779800397,a big blue fan facing forward,2.1191704572330286e-14,topk,0.01230345592253431,"a large, red fan facing backwards",0.13368642805891945,topk,0.01290795822667999,"a small, green fan ",0.0006977355532282276,topk,0.022797309201368153
29,29,"a large desk facing forwards, grey in color",1.3802596670172398e-05,topk,0.008365246298533982,a large desk facing forwards is blue,2.2667368132826528e-05,topk,0.009705845012061006,"a red, large desk facing backwards",6.400946028021192e-05,topk,0.01317695393807027,"a small, green desk  facing to the left",2.105422518588077e-05,topk,0.009747737262216416,a large blue desk,2.7718911552837605e-14,topk,0.0006926153613015107,"a large, red fan  (6)",1.9271342446789945e-05,topk,0.017941933325143093,"a small green fan, facing to the left",4.258520337896067e-05,topk,0.012212591328017575
30,30,"a large desk, grey, facing forwards",5.45637839507473e-05,topk,0.010289723786818045,a large desk facing forwards,0.00031615172190962933,topk,0.006360944710552523,"a large, red desk facing the opposite direction of the other desks",3.1641245839625727e-06,topk,0.006755844641414976,"a small, green desk is facing to the left",0.0002015660861116222,topk,0.009250395688490027,a blue fan faces forwards,2.1092745744707593e-14,topk,0.012803237712411594,"a large, red fan facing to the right",2.639471558418444e-05,topk,0.002672503553601353,a small fan,5.4428464202062824e-05,topk,0.02241327759498018
31,31,a grey large desk facing forwards,0.00010953383965997539,topk,0.010829011692809797,"a large desk facing forwards, colored blue",3.999443167732134e-05,topk,0.009056031439491232,a small green desk facing to the left,7.946544848405813e-05,topk,0.00016181147049966358,a small desk facing to the left,0.00033708806336735475,topk,0.01155441537821255,"a large, red fan facing backwards",1.788425349866289e-14,topk,0.0002579792705167567,"a large, red fan faced backwards",3.686085342788749e-05,topk,0.013424629450994567,"a small, green fan  facing to the left",7.165548531459196e-05,topk,0.01201310857516781
32,32,a grey facing desk,3.404791777898302e-05,topk,0.015397072171049415,a blue desk is facing forwards,5.755782806252639e-05,topk,0.0112420797917511,a desk,0.00022046449672621178,topk,0.016585382809492056,"a small, green desk ",0.0016034404724787526,topk,0.01771973384128053,"a large, blue desk facing forwards",1.3858365356840418e-14,topk,0.00032469267693479887,a red fan,3.988384231825768e-05,topk,0.04058676493236991,a,0.00023158706066199784,topk,0.0402069784094287
33,33,a large desk facing forwards,0.0011158651171893743,topk,0.007298262033622985,a large blue desk facing forward,7.678370426748206e-05,topk,0.011394699807499629,"a large, red desk is facing backwards",0.00017533065272040368,topk,0.012342135509374864,"a small, green desk facing to the left,",0.00023420907321028533,topk,0.009724975911593447,a blue fan is facing forwards,6.612767952285582e-14,topk,0.011693754337085058,a red fan facing backwards,0.00012966683164096927,topk,0.015382095794282154,"a small, green fan, facing to the left",0.0001588627936683246,topk,0.011829805975413067
34,34,"a large desk, grey in color, facing forwards",7.298934786315506e-05,topk,0.008294077229409029,a blue desk is in the room,3.3574784756809795e-05,topk,0.013301124166515722,"a large, red desk faces backwards",4.9544067389788335e-05,topk,0.013436846483349621,a,0.00021195985969913754,topk,0.07205041366617662,a large fan ,1.689601556796231e-14,topk,0.0199017600932708,"a large, red fan ",0.0007746693427450492,topk,0.024571613929636464,"a large, red desk facing backwards",6.612932487983792e-05,topk,0.0002075400673802693
35,35,a large gray desk facing forwards,0.0001355366956309306,topk,0.011020636190832699,a large,2.680514246096907e-05,topk,0.012924825141013178,a red fan,0.00015203181197232348,topk,0.00467438988397844,a small desk,0.0005936799573901487,topk,0.02268595703083845,a large fan that is blue and facing forwards,7.867034348145424e-15,topk,0.008773518276444316,"a large, red fan is facing backwards",7.015162818519783e-05,topk,0.01195764955598159,a small green fan on the left,0.00024064760335324928,topk,0.014904428033857721
36,36,a desk,4.172282637403479e-05,topk,0.019360788549447228,a,0.0002214604944389262,topk,0.0739308029566309,"a large, red desk facing forwards",5.342797054902694e-05,topk,0.002804587772301331,"a small, green desk facing to the left of the room",6.38874443219518e-05,topk,0.007436538293928635,"a  large, blue fan",1.78631168647494e-14,topk,0.020135800602359515,a,0.0002236249483557379,topk,0.054956781443652215,a small green fan ,0.0001802016653997071,topk,0.02308381206614305
37,37,a large grey desk faces forwards,4.3430411253682505e-05,topk,0.01131761596476799,a large desk that is blue in color,1.4125317462223821e-05,topk,0.011275854908855147,a large red desk ,7.054739043577933e-05,topk,0.021846570893049505,"a small, green desk face",0.00019758263362749224,topk,0.012728102653896843,a blue fan is in the room,1.6800637265844245e-14,topk,0.013491656737602106,a blue fan facing forwards,3.38487190961352e-05,topk,0.00032635653053108757,"a small green fan facing to the left""",6.177536668479711e-05,topk,0.013138922849499702
38,38,a large grey desk is in the room,2.7218520648385684e-05,topk,0.010948852799457435,a large desk with a blue color facing forwards,9.76396362666702e-06,topk,0.008015078927954443,a,0.00037052141567191595,topk,0.0847164427079768,"a small, green desk, facing to the left",0.00026558303467528083,topk,0.00967712987480803,a large,2.0919581140018832e-14,topk,0.009780759260374304,"a large, red desk facing backwards",0.00042865024905076025,topk,0.00043424118364181316,"a small, green fan facing left",0.00026875997997635455,topk,0.015111090965557555
39,39,a large,5.84113602049121e-05,topk,0.010862796925676646,"a blue desk, facing forwards",0.00012815634492447316,topk,0.01125159673421259,"a large, red desk facing backwards",0.09217639911512997,topk,0.013158796097279038,"a small, green desk facing to the left ",0.0008368557313912603,topk,0.009782772189638739,a large fan in the room,1.70706779646353e-14,topk,0.011286186786282513,a large red desk facing backwards,4.0095120481802894e-05,topk,0.0004942776318746234,"a green, small fan facing left",5.067729756672021e-05,topk,0.015295735717727781
40,40,"a large, gray desk facing forwards",2.2329467758480986e-05,topk,0.010629562407240726,a blue desk facing forwards in a room,3.875920073911654e-05,topk,0.00929867859303673,a large red desk facing backwards,0.005142201440284356,topk,0.01367065975025736,a grey thing facing forwards,2.559438701888669e-10,logic,0.0015022450545765424,a large fan that is blue in color and facing forwards,4.292138808014086e-15,topk,0.007322181808212568,"a large, red fan face backwards",1.7268065324949448e-05,topk,0.013917688609824647,a grey thing facing forwards,1.7370475940681964e-10,logic,0.0010020079473141072
41,41,a big grey desk facing forward,4.458567693218316e-05,topk,0.011945897458928753,"a large desk, blue, facing forwards",4.019924104605144e-05,topk,0.010580600100752896,"a large, red desk facing to the left",2.1465730289159242e-05,topk,0.0020602079423476904,a grey thing facing to the left,1.5497966855945436e-12,logic,0.005010679542614497,a,1.4335148759596554e-13,topk,0.05458037977295787,a grey thing facing forwards,6.209185183836709e-10,logic,0.0005142736960959689,a grey thing facing to the left,1.4774375335777864e-12,logic,0.003693247355461957
42,42,a,0.00040778810934549183,topk,0.06843490742503182,"a blue, large desk facing forwards",1.5083487741586774e-05,topk,0.010217816537433064,"a large, red desk faced backwards",4.264160758051879e-05,topk,0.01349531781481984,a grey thing,2.298086210559045e-09,logic,0.0037394747922773306,a blue fan facing forwards,1.8801471324731474e-14,topk,0.01275038005551677,a grey thing facing to the left,3.1151045939985693e-12,logic,0.0007128488501410686,a grey thing,1.945706302022155e-09,logic,0.002518785100528359
43,43,"a large grey desk, facing forwards",0.00015231942343936974,topk,0.010697991598707112,"a blue desk facing forwards""",2.6354055283471047e-05,topk,0.011101582018295557,a grey thing facing forwards,9.3977540825149e-10,logic,0.0009272694009835152,a grey thing facing backwards,2.8750947645488415e-12,logic,0.0021698855904687905,a blue fan that is facing forwards,1.5595829185739586e-14,topk,0.010278457284470462,a grey thing,6.247535757522693e-09,logic,0.0019641106438658936,a grey thing facing backwards,2.6795834780274667e-12,logic,0.0031841694063237985
44,44,a large desk that is grey in color and is facing forwards,9.285875054761868e-06,topk,0.006514128026960797,a large desk is blue,3.736390422175343e-05,topk,0.017474698378284362,a grey thing facing to the left,1.4427034617476506e-12,logic,0.0006547250737811716,a grey fan facing forwards,1.802068210381651e-10,logic,0.002659520859738675,a grey thing facing forwards,1.2227383286246864e-09,logic,0.0012868413775270178,a grey thing facing backwards,8.541049948423409e-12,logic,0.0024893079888792134,a grey fan facing forwards,5.787487092006479e-08,logic,0.0024323135425419616
45,45,"a large desk, grey in colour, facing forwards",6.15583416937427e-05,topk,0.008105466073643501,a blue desk ,0.000274654849045049,topk,0.027380354537356162,a grey thing,1.0870072674792092e-08,logic,0.003659108988095156,a grey fan facing to the left,1.8182053780106967e-10,logic,0.001826744340371586,a grey thing facing to the left,3.92018931787265e-12,logic,0.0015043240702506825,a grey fan facing forwards,2.1371319848108142e-07,logic,0.0017279626414652574,a grey fan facing to the left,2.6924583440224464e-08,logic,0.002995096302294638
46,46,"a desk, large, grey, facing forwards",3.153004421687081e-05,topk,0.009688434346248895,a grey thing facing forwards,1.2974009019123115e-10,logic,0.0017201340647025234,a grey thing facing backwards,9.329663079850001e-12,logic,0.002510238064304783,a grey fan,1.9940011595014278e-09,logic,0.00414214468006558,a grey thing,1.2174888350025639e-08,logic,0.00423144921396718,a grey fan facing to the left,7.383557648505296e-09,logic,0.0018548489808645782,a grey fan,3.5452791826005484e-07,logic,0.006460721598753115
47,47,a large grey desk facing forwards,5.556179913070061e-05,topk,0.010918577606238994,a grey thing facing to the left,7.484289892746333e-14,logic,0.000765687416495286,a grey fan facing forwards,7.616516104179573e-10,logic,0.0026118788478886193,a grey fan facing backwards,9.270733579981805e-11,logic,0.0019077593053490975,a grey thing facing backwards,9.292552724136942e-12,logic,0.0021976306800356882,a grey fan,7.141370524066305e-07,logic,0.005270275198387723,a grey fan facing backwards,1.2705422324523631e-08,logic,0.0030292770376482364
48,48,a grey table,3.942808268832044e-05,topk,0.024144308978459154,a grey thing,1.52404285747405e-09,logic,0.003240144639487749,a grey fan facing to the left,9.942827630756085e-11,logic,0.0017302543453400503,a grey desk facing forwards,2.6987882083100965e-06,logic,0.0004736001698220607,a grey fan facing forwards,3.74015949270197e-07,logic,0.0032114908466976933,a grey fan facing backwards,1.1125255542501396e-07,logic,0.0034714933959045526,a grey desk facing forwards,1.1031306794562902e-06,logic,0.00024056150530450256
49,49,a grey thing facing forwards,1.5600860425929727e-08,logic,0.008185778776748899,a grey thing facing backwards,2.614985747786305e-13,logic,0.0014924379780794483,a grey fan,5.83651463315637e-09,logic,0.004788007041514309,a grey desk facing to the left,5.8444421710603216e-09,logic,0.0034837828976539086,a grey fan facing to the left,1.0106455750924436e-08,logic,0.0038466564171597407,a grey desk facing forwards,4.406828536082276e-06,logic,0.000245875840503594,a grey desk facing to the left,2.1282600467982116e-09,logic,0.0014372639378791513
50,50,a grey thing facing to the left,1.6033169094186127e-13,logic,0.002071754892191299,a grey fan facing forwards,2.3674352622422735e-10,logic,0.0024606398451504858,a grey fan facing backwards,1.0412250992854793e-09,logic,0.0017829410448119685,a grey desk,2.030841243982826e-05,logic,0.0017916350647979998,a grey fan,1.2574545902447693e-06,logic,0.014471344611997974,a grey desk facing to the left,5.881724731320104e-09,logic,0.0011307441353623254,a grey desk,1.0114988144107892e-05,logic,0.0009466393114546611
51,51,a grey thing,1.5586591878526108e-07,logic,0.016469605031974664,a grey fan facing to the left,3.0137739762811613e-11,logic,0.0018744194121918956,a grey desk facing forwards,7.964567527642293e-06,logic,0.00036857771635258774,a grey desk facing backwards,5.747931206301791e-09,logic,0.0029769869713924166,a grey fan facing backwards,2.1250013675066772e-08,logic,0.0028895741285241156,a grey desk,2.329027823787663e-05,logic,0.0006797447610802261,a grey desk facing backwards,2.137763807362201e-09,logic,0.0013839557623059606
52,52,a grey thing facing backwards,5.341574689489961e-12,logic,0.0018169935235077613,a grey fan,1.463986924415072e-09,logic,0.005303356270886914,a grey desk facing to the left,7.0201475085440784e-09,logic,0.001069597617477768,a red thing facing forwards,2.8865787979418354e-12,logic,0.001676951070412299,a grey desk facing forwards,9.373505602693656e-06,logic,0.00041243209417288397,a grey desk facing backwards,5.846849256475379e-09,logic,0.0016487878067504183,a red thing facing forwards,8.819524198859818e-13,logic,0.0016793161152360687
53,53,a grey fan facing forwards,1.0282432716131487e-08,logic,0.002192170362833704,a grey fan facing backwards,1.5567949557700232e-10,logic,0.0023084877071840133,a grey desk,7.619862979719971e-05,logic,0.001299623746604237,a red thing facing to the left,1.907686475134671e-12,logic,0.002093091593533593,a grey desk facing to the left,1.3804194546441054e-08,logic,0.0015596695661642063,a red thing facing forwards,2.013175039927374e-11,logic,0.004257029320253132,a red thing facing to the left,1.234289876520888e-12,logic,0.002304634384188821
54,54,a grey fan facing to the left,3.4541024843605275e-10,logic,0.001499310880931837,a grey desk facing forwards,3.0873588397365817e-06,logic,0.0010781465617815567,a grey desk facing backwards,8.481201032840496e-09,logic,0.0018191426509432114,a red thing,7.589914264482357e-10,logic,0.0017635318198237389,a grey desk,7.17509261832256e-05,logic,0.0008540638080193745,a red thing facing to the left,1.8206263056894095e-11,logic,0.008250669270031393,a red thing,6.641558883828007e-10,logic,0.001428443516625885
55,55,a grey fan,6.514657478578708e-08,logic,0.004391786116379748,a grey desk facing to the left,2.723406247618566e-09,logic,0.0022431537458014366,a red thing facing forwards,5.963145397810417e-11,logic,0.0044256654020226795,a red thing facing backwards,8.411622949428272e-11,logic,0.0003988406455775719,a grey desk facing backwards,1.2340484112464919e-08,logic,0.0020998491581987687,a red thing,8.10498795639412e-08,logic,0.019071437474478002,a red thing facing backwards,7.220101387620802e-11,logic,0.0005291379389496447
56,56,a grey fan facing backwards,7.934649119444028e-10,logic,0.0015441385338950554,a grey desk,2.3355347204538753e-05,logic,0.0025772837282474546,a red thing facing to the left,1.6259912908712902e-11,logic,0.001987397388674328,a red fan facing forwards,7.989685287547032e-09,logic,0.0020834356593363614,a red thing facing forwards,2.5654464863844194e-12,logic,0.0009215713942331727,a red thing facing backwards,1.3473060909757966e-08,logic,0.009642692597857633,a red fan facing forwards,4.990915054614099e-08,logic,0.0036219499444479293
57,57,a grey desk facing forwards,0.046130647232937985,logic,0.01241037131833444,a grey desk facing backwards,2.7198140350476376e-09,logic,0.0027918349086274133,a red thing,4.2938398251091735e-07,logic,0.018676603392411898,a red fan facing to the left,6.434824200113421e-09,logic,0.0016315902732917293,a red thing facing to the left,1.3032009352806476e-12,logic,0.0004902704629451501,a red fan facing forwards,1.5059808168443775e-05,logic,0.00294935791229692,a red fan facing to the left,5.1004691590298555e-08,logic,0.0031114899375784765
58,58,a grey desk facing to the left,2.956664744665777e-07,logic,0.003586580546774437,a red thing facing forwards,3.810971780719382e-12,logic,0.0016709103685186983,a red thing facing backwards,4.546299515990269e-08,logic,0.006039673157661936,a red fan,5.487838199434418e-07,logic,0.0014748971542178368,a red thing,1.4149695938835637e-09,logic,0.0010416091787049434,a red fan facing to the left,2.4137539875773504e-05,logic,0.0063885078681624125,a red fan,6.763942187811203e-06,logic,0.001538021871522341
59,59,a grey desk,0.13115106306993896,logic,0.029420172346946907,a red thing facing to the left,9.443041466746238e-13,logic,0.0004134401489920666,a red fan facing forwards,3.743168344816446e-07,logic,0.003250843874745145,a red fan facing backwards,2.1375727215399952e-07,logic,0.0004137459588250488,a red thing facing backwards,2.0684422682473906e-10,logic,0.00026075882456393264,a red fan,0.011522660292861333,logic,0.04058676493236991,a red fan facing backwards,3.459589537807932e-06,logic,0.0006105204422650599
60,60,a grey desk facing backwards,2.2233537244403005e-06,logic,0.0030204432581941955,a red thing,5.606469248814807e-10,logic,0.0012089579163611283,a red fan facing to the left,5.306656335045035e-07,logic,0.0010360895856094882,a red desk facing forwards,3.4879229317673564e-07,logic,0.0028662352522054366,a red fan facing forwards,1.6345344479215897e-07,logic,0.0019270373953406289,a red fan facing backwards,0.006663425877626516,logic,0.015382095794282154,a red desk facing forwards,7.262597347690352e-08,logic,0.0015024183474483613
61,61,a red thing facing forwards,9.09804316910721e-13,logic,0.0025438879434990123,a red thing facing backwards,6.489389827385215e-11,logic,0.0003168938342369102,a red fan,0.00037837089337858904,logic,0.00467438988397844,a red desk facing to the left,8.535336716853395e-08,logic,0.004205478094147513,a red fan facing to the left,1.0154844809157738e-07,logic,0.0018376729909948051,a red desk facing forwards,3.7461380963491954e-06,logic,0.0015833231863285801,a red desk facing to the left,1.0882250577233915e-08,logic,0.0013494689087407744
62,62,a red thing facing to the left,5.512561437169505e-13,logic,0.0003676241708581473,a red fan facing forwards,1.2577636047062211e-08,logic,0.0024852342058002148,a red fan facing backwards,0.00012643367217145442,logic,0.0008457679164456084,a red desk,1.4059071870158058e-05,logic,0.002344019355141983,a red fan,2.8632283562550925e-05,logic,0.0016100264809055269,a red desk facing to the left,1.7683829222215397e-06,logic,0.0020216339148828176,a red desk,3.254722978856094e-06,logic,0.00121209770078151
63,63,a red thing,6.925398427427799e-10,logic,0.0011258720881848594,a red fan facing to the left,5.912631019317626e-09,logic,0.0014597486576442126,a red desk facing forwards,5.679659459752372e-05,logic,0.0034119714807250164,a red desk facing backwards,5.241370830165239e-06,logic,0.0006334043224293234,a red fan facing backwards,1.4388061156406204e-05,logic,0.0003943591716661567,a red desk,0.0006374699641495381,logic,0.001277181020513389,a red desk facing backwards,8.838614153413271e-07,logic,0.00027762789982925675
64,64,a red thing facing backwards,7.682165212342981e-11,logic,0.00027776209471846265,a red fan,5.332013284627024e-07,logic,0.0019219147613946481,a red desk facing to the left,5.514751291691315e-05,logic,0.004012764744043249,a green thing facing forwards,6.017822403156279e-12,logic,0.003911599273785466,a red desk facing forwards,1.511948115164861e-07,logic,0.0020810487441909977,a red desk facing backwards,0.0002594564871597482,logic,0.0008428493989749399,a green thing facing forwards,9.568140879908815e-12,logic,0.0058728871683526515
65,65,a red fan facing forwards,2.3906733954926305e-08,logic,0.0021468221123442013,a red fan facing backwards,2.1242076158889524e-07,logic,0.00047198958933347706,a red desk,0.14336592672107532,logic,0.03934898150100678,a green thing facing to the left,6.392351559620101e-09,logic,0.004942503727340317,a red desk facing to the left,1.7220441675724315e-08,logic,0.0013774241849080144,a green thing facing forwards,3.743940875913896e-12,logic,0.0006115354447529603,a green thing facing to the left,1.2811668294134093e-08,logic,0.008861496734559675
66,66,a red fan facing to the left,8.01557670902678e-09,logic,0.0011844965901894225,a red desk facing forwards,3.6842732387074955e-07,logic,0.002606892366585497,a red desk facing backwards,0.062492559814883504,logic,0.015739701323282743,a green thing,3.1516528074915873e-07,logic,0.012907869531225021,a red desk,6.233997733547538e-06,logic,0.0011282950059924052,a green thing facing to the left,1.492298576961898e-09,logic,0.00021504252902150293,a green thing,3.442828365746069e-07,logic,0.015147932683642625
67,67,a red fan,1.4780814852034803e-06,logic,0.0014094555540943043,a red desk facing to the left,4.7670921300502284e-08,logic,0.001483646349135403,a green thing facing forwards,1.2017599760676146e-12,logic,0.0009010583407614605,a green thing facing backwards,7.666904640398357e-12,logic,0.0032254242690279112,a red desk facing backwards,1.753864627776872e-06,logic,0.000378615479854099,a green thing,2.40782321236521e-08,logic,0.0009354069865626602,a green thing facing backwards,1.3116719080468242e-11,logic,0.007331478777388891
68,68,a red fan facing backwards,7.681770585724005e-07,logic,0.0003608995892033736,a red desk,8.464201182830529e-06,logic,0.002069315956438016,a green thing facing to the left,3.5148067946758214e-10,logic,0.0001973729197249441,a green fan facing forwards,5.454876519213564e-09,logic,0.002283492243350265,a green thing facing forwards,3.753041464658001e-12,logic,0.0011005326330553824,a green thing facing backwards,1.6007323384560655e-11,logic,0.001138119365880589,a green fan facing forwards,5.183065758467529e-07,logic,0.008777285597245164
69,69,a red desk facing forwards,3.544757622737008e-07,logic,0.0031351473827977497,a red desk facing backwards,3.491223436882071e-06,logic,0.0003664820580014106,a green thing,1.057356302721979e-08,logic,0.001971947195169481,a green fan facing to the left,8.689491169230577e-06,logic,0.000602677113931234,a green thing facing to the left,1.0639009087406423e-09,logic,0.0003286692257773237,a green fan facing forwards,6.845996688850121e-08,logic,0.0009423514675857981,a green fan facing to the left,0.000817632785265225,logic,0.01461530299028635
70,70,a red desk facing to the left,5.984688696091837e-08,logic,0.0012409040764493654,a green thing facing forwards,2.406347890128867e-12,logic,0.001313412026391902,a green thing facing backwards,4.4784196267375236e-12,logic,0.0013537687897216654,a green fan,5.8101209531714446e-05,logic,0.0028580979965410463,a green thing,4.4135439289646876e-08,logic,0.0015338783066470582,a green fan facing to the left,2.685909826191603e-05,logic,0.0003145392425037703,a green fan,0.005083311295914989,logic,0.0327521555818548
71,71,a red desk,2.5440471358814837e-05,logic,0.001986092786264717,a green thing facing to the left,7.746961256876569e-10,logic,0.00018954345750820848,a green fan facing forwards,9.010472409334941e-09,logic,0.001543178569015988,a green fan facing backwards,3.4399538027191936e-09,logic,0.001923713901530714,a green thing facing backwards,3.2821448479593773e-12,logic,0.001052020460850902,a green fan,6.347276721445918e-05,logic,0.0013571264074937039,a green fan facing backwards,2.3545676315025986e-07,logic,0.008434986747329945
72,72,a red desk facing backwards,1.3912284624928488e-05,logic,0.00027983034945995366,a green thing,1.1769890143242728e-08,logic,0.0016493703894450954,a green fan facing to the left,4.77720716137835e-06,logic,0.00038619275194346674,a green desk facing forwards,2.7499811559071933e-06,logic,0.006066125549041171,a green fan facing forwards,1.744453849075853e-07,logic,0.001332986892774988,a green fan facing backwards,1.0875003984970966e-07,logic,0.001079765227757459,a green desk facing forwards,6.010489317770491e-07,logic,0.0007927872856298984
73,73,a green thing facing forwards,9.131596449683382e-13,logic,0.002128507157791213,a green thing facing backwards,6.525853768619594e-12,logic,0.0008883495062428422,a green fan,1.8591361591404973e-05,logic,0.002150518504722138,a green desk facing to the left,0.002816456135953277,logic,0.012142449779800397,a green fan facing to the left,7.38326098655341e-05,logic,0.0004730009218904535,a green desk facing forwards,1.6076506331728392e-07,logic,0.0006141921765690691,a green desk facing to the left,0.0002458155604390857,logic,0.00026931360580411794
74,74,a green thing facing to the left,2.693672283907474e-10,logic,0.0002254058097121735,a green fan facing forwards,1.787294774402626e-08,logic,0.0015005050790377734,a green fan facing backwards,1.3928302663697501e-08,logic,0.0015925309344623118,a green desk,0.014053945679344608,logic,0.027881411930336962,a green fan,0.00032816198731954577,logic,0.0028112578688411086,a green desk facing to the left,6.70726719026257e-06,logic,0.0001761015834905589,a green desk,0.0015453330600368775,logic,0.0008460687461323598
75,75,a green thing,5.130957168072723e-09,logic,0.0016063506679244218,a green fan facing to the left,8.96104466516092e-06,logic,0.0003818970517372549,a green desk facing forwards,2.621778209420172e-08,logic,0.0009360980666154802,a green desk facing backwards,1.0247352947907354e-06,logic,0.007654045222616905,a green fan facing backwards,4.720433194871246e-08,logic,0.0012753069617744567,a green desk,2.9811568850732618e-05,logic,0.0005204107629528717,a green desk facing backwards,5.288660662424155e-07,logic,0.001084853128797778
76,76,a green thing facing backwards,2.916665011732465e-12,logic,0.0008658073738632147,a green fan,2.813723569962424e-05,logic,0.0020578228047759095,a green desk facing to the left,5.40913583708832e-06,logic,0.0002035829430060673,a thing facing forwards,5.488847326144408e-13,logic,0.00187784665994112,a green desk facing forwards,2.6476567228771515e-07,logic,0.0009285250811717064,a green desk facing backwards,5.083344470731006e-07,logic,0.0011084439281933093,a thing facing forwards,8.156695373064159e-13,logic,0.0015786062616081336
77,77,a green fan facing forwards,1.5382914796161054e-08,logic,0.0013358144610748086,a green fan facing backwards,2.320744106594165e-08,logic,0.0015981673048117463,a green desk,2.7504145856860498e-05,logic,0.0011628980088114322,a thing facing to the left,5.262496549305368e-10,logic,0.005570744833749566,a green desk facing to the left,1.5762548814940412e-05,logic,0.00021502445520146495,a thing facing forwards,1.533378410545204e-11,logic,0.0008664675941075124,a thing facing to the left,1.327215836311558e-09,logic,0.006285463331412343
78,78,a green fan facing to the left,7.053577042548039e-06,logic,0.0003245867219083112,a green desk facing forwards,6.809814773749119e-08,logic,0.0018847005509905809,a green desk facing backwards,3.815625324879447e-08,logic,0.00122300507568587,a thing,8.733014552035617e-08,logic,0.008280960304888974,a green desk,0.00012579488390525916,logic,0.0006256084409269174,a thing facing to the left,5.776121962743281e-12,logic,0.002214964477001576,a thing,1.1124438852959911e-07,logic,0.00748402568848818
79,79,a green fan,1.88214891330743e-05,logic,0.0014411645007850386,a green desk facing to the left,1.4306604516441636e-05,logic,0.00027842875674581716,a thing facing forwards,2.0105511001307224e-12,logic,0.0008882555131336626,a thing facing backwards,1.004804721689791e-12,logic,0.0019124377011084071,a green desk facing backwards,1.239179104585151e-07,logic,0.0012695259664633007,a thing,1.781925304404632e-07,logic,0.00897740794218079,a thing facing backwards,1.400064272930416e-12,logic,0.0029253650005307674
80,80,a green fan facing backwards,2.1104943711031145e-08,logic,0.0012215448986152375,a green desk,5.482002149295374e-05,logic,0.0016494559283701468,a thing facing to the left,4.54668684981263e-13,logic,0.0013370121118057706,a fan facing forwards,1.1752619534703227e-09,logic,0.0008541912706246541,a thing facing forwards,2.470803800514585e-10,logic,0.0038427451900913227,a thing facing backwards,2.4932451061481844e-09,logic,0.0077886726387386435,a fan facing forwards,7.41802545638908e-08,logic,0.0032624640002027034
81,81,a green desk facing forwards,2.043324033250717e-07,logic,0.004015785383787083,a green desk facing backwards,8.253655395025621e-08,logic,0.001452525969442106,a thing,3.0083972773557427e-07,logic,0.011044767655383874,a fan facing to the left,5.810148286489069e-07,logic,0.00047252268327848047,a thing facing to the left,5.578089578789944e-13,logic,0.0015476972045117133,a fan facing forwards,5.7322825634620545e-06,logic,0.0012628251835506282,a fan facing to the left,0.000181758818787971,logic,0.013199378821818637
82,82,a green desk facing to the left,2.6253446094401498e-05,logic,0.0002714065665269607,a thing facing forwards,2.5769044373570534e-10,logic,0.004980104688762555,a thing facing backwards,8.530548967785391e-10,logic,0.0063629295151765375,a fan,1.9020534887768694e-06,logic,0.0020879682182203805,a thing,1.3947008776546702e-07,logic,0.008314244179841656,a fan facing to the left,5.266924462428773e-06,logic,0.0019404551636092878,a fan,0.0004987575496087705,logic,0.02199837303641654
83,83,a green desk,7.02708648759178e-05,logic,0.0024636160042987663,a thing facing to the left,2.1784275579682744e-13,logic,0.0004665866316051366,a fan facing forwards,6.271781437123016e-08,logic,0.001112685317493004,a fan facing backwards,1.4508009114946578e-09,logic,0.0005186013214853479,a thing facing backwards,5.904427562357121e-13,logic,0.00048093970984577694,a fan,0.001823278271214457,logic,0.029160838022326278,a fan facing backwards,5.2697880880940035e-08,logic,0.0041693728269653185
84,84,a green desk facing backwards,2.1026122703482042e-07,logic,0.0011976301334295715,a thing,6.398571286660383e-08,logic,0.010721753554574566,a fan facing to the left,5.407149812594251e-08,logic,0.0003551122218319297,a desk facing forwards,2.0244308894349834e-07,logic,0.0012834106207672055,a fan facing forwards,0.00040954502468025413,logic,0.011941148379316783,a fan facing backwards,0.0008451631089386557,logic,0.013608450843354719,a desk facing forwards,4.88038295804898e-07,logic,0.00022875557427954745
85,85,a thing facing forwards,1.189429201186936e-09,logic,0.004724588918148039,a thing facing backwards,2.4729964495239145e-13,logic,0.00040790471712880166,a fan,9.668905823409497e-06,logic,0.003390429471492831,a desk facing to the left,0.00031272684113158435,logic,0.013231110326584736,a fan facing to the left,5.241145787244272e-07,logic,0.003981308401861326,a desk facing forwards,3.765824629621285e-06,logic,0.0001800818963825658,a desk facing to the left,9.351623604401395e-06,logic,0.00043540553065386686
86,86,a thing facing to the left,7.392449972073644e-14,logic,0.0005024490083061185,a fan facing forwards,1.697784282357201e-06,logic,0.0018037169414032118,a fan facing backwards,3.0211066970855234e-06,logic,0.0009715390211862361,a desk,0.0008846834730967518,logic,0.01552103618784879,a fan,0.003642108717009449,logic,0.03184380695667299,a desk facing to the left,3.9525296371479427e-07,logic,0.00023685909469546148,a desk,5.878153603180591e-05,logic,0.000777092872019263
87,87,a thing,2.0734758368953025e-07,logic,0.009648289021429635,a fan facing to the left,5.3722723100254176e-08,logic,0.0003682607553014605,a desk facing forwards,2.3810288998136565e-06,logic,0.0006355949447523555,a desk facing backwards,8.37433639387196e-08,logic,0.0036050841675881336,a fan facing backwards,2.2095096318482733e-07,logic,0.0013667684851382596,a desk,8.979206714815536e-05,logic,0.0006215990971897467,a desk facing backwards,6.708639320768406e-07,logic,0.0004868023409050285
88,88,a thing facing backwards,5.168231107419839e-13,logic,0.00037432143506097775,a fan,1.620452013745135e-05,logic,0.003327847870484345,a desk facing to the left,2.580868097505498e-06,logic,0.0005980013314745755,a blue thing facing forwards,1.587804779612709e-09,logic,0.0008117623998114648,a desk facing forwards,1.023933318785377e-05,logic,0.00039570096162746307,a desk facing backwards,1.9883156371210725e-05,logic,0.0005286091199281164,a blue thing facing forwards,5.318473724172989e-10,logic,0.00076384358491212
89,89,a fan facing forwards,3.839467861274766e-08,logic,0.0008411753544158301,a fan facing backwards,1.1596087735918818e-07,logic,0.0007885719862954336,a desk,0.0033206310902055038,logic,0.016585382809492056,a blue thing facing to the left,4.779363246119298e-10,logic,0.00318945166954384,a desk facing to the left,1.293874309105725e-07,logic,0.00031709347342719383,a blue thing facing forwards,1.6768062359693198e-09,logic,0.00017419302406986167,a blue thing facing to the left,2.5646534739824465e-11,logic,0.004153371563425856
90,90,a fan facing to the left,5.730310236510216e-09,logic,0.00022285683994353457,a desk facing forwards,0.0001472664119747453,logic,0.007957268936107039,a desk facing backwards,0.0008124079742239352,logic,0.01306686121874029,a blue thing,2.29399706523986e-08,logic,0.0018623007397593004,a desk,0.00011853465753288511,logic,0.0007911774687616939,a blue thing facing to the left,1.1226093300217796e-12,logic,0.00036768638103777294,a blue thing,8.287563854516798e-09,logic,0.0018169606122172487
91,91,a fan,3.582754309924268e-07,logic,0.001330467655418756,a desk facing to the left,6.443395321264347e-08,logic,0.0011539626980335753,a blue thing facing forwards,3.657149841605851e-10,logic,0.00041625555408749765,a blue thing facing backwards,1.7277249659077545e-10,logic,0.002441468084047687,a desk facing backwards,2.0556983216018468e-07,logic,0.0006233322469796898,a blue thing,9.733162341610805e-09,logic,0.0006083780992922315,a blue thing facing backwards,5.526096035944888e-11,logic,0.0033318881007136088
92,92,a fan facing backwards,2.192759386495399e-08,logic,0.0005108042182341823,a desk,0.0013851832561245225,logic,0.01897290302459067,a blue thing facing to the left,4.228501116845284e-12,logic,0.0004314737017756232,a blue fan facing forwards,9.116449211076098e-06,logic,0.0005140990668187741,a blue thing facing forwards,3.067434947268102e-08,logic,0.006637602977591887,a blue thing facing backwards,1.7244051751512333e-11,logic,0.0011565627826686904,a blue fan facing forwards,2.2539057265615205e-05,logic,0.0009741165666063856
93,93,a desk facing forwards,0.0009140560237437257,logic,0.008390891183674292,a desk facing backwards,3.013732590362411e-08,logic,0.0014101469362763997,a blue thing,1.1307744831046627e-08,logic,0.0013456593751167362,a blue fan facing to the left,7.662216825071698e-07,logic,0.0009870775132303999,a blue thing facing to the left,4.2324742571510415e-12,logic,0.0039196465021304585,a blue fan facing forwards,9.341885419595296e-05,logic,0.00032635653053108757,a blue fan facing to the left,5.406214532689813e-07,logic,0.0026346862608240046
94,94,a desk facing to the left,3.689789369204942e-08,logic,0.0009283113276742477,a blue thing facing forwards,1.567403409786108e-08,logic,0.0055608897622225,a blue thing facing backwards,4.916635776795891e-10,logic,0.0024726872526956447,a blue fan,2.6272067188963403e-05,logic,0.001572642742056862,a blue thing,2.9466126924191575e-07,logic,0.013977768470005321,a blue fan facing to the left,1.719187019394322e-07,logic,0.00048068528111582936,a blue fan,5.892791841082861e-05,logic,0.002247134033931612
95,95,a desk,0.004908566020690082,logic,0.019360788549447228,a blue thing facing to the left,4.838033231977831e-13,logic,0.002029300892186689,a blue fan facing forwards,7.930339541605985e-06,logic,0.0005344357664093213,a blue fan facing backwards,7.977359252396703e-07,logic,0.002408742733277427,a blue thing facing backwards,4.2195957031551395e-11,logic,0.002263941141464987,a blue fan,0.00014866063583695031,logic,0.0008079800231125773,a blue fan facing backwards,1.2525167482031226e-06,logic,0.004000780908951296
96,96,a desk facing backwards,6.730178268824536e-08,logic,0.0009939235610221967,a blue thing,1.829568508100978e-07,logic,0.015024433355463952,a blue fan facing to the left,2.2391845415223542e-07,logic,0.0007553383694491082,a blue desk facing forwards,4.022266295403951e-05,logic,0.0007856623518128841,a blue fan facing forwards,0.011758457591512903,logic,0.01275038005551677,a blue fan facing backwards,2.0814547141836784e-07,logic,0.0013503744467096611,a blue desk facing forwards,4.19359963572279e-06,logic,0.00024956852537643927
97,97,a blue thing facing forwards,7.083736204830823e-10,logic,0.0009689217946838199,a blue thing facing backwards,6.186171746582098e-12,logic,0.0028155515910815183,a blue fan,2.0893621995831422e-05,logic,0.0023059131553721177,a blue desk facing to the left,1.404499360563319e-06,logic,0.006329939568667784,a blue fan facing to the left,4.006565774374287e-06,logic,0.009162608861688277,a blue desk facing forwards,9.094078697332637e-06,logic,0.0002120945199800031,a blue desk facing to the left,5.903436357680386e-08,logic,0.0008971800551118008
98,98,a blue thing facing to the left,8.140859546496593e-12,logic,0.0004426511800186521,a blue fan facing forwards,1.4991526626246987e-06,logic,0.0010848699576920544,a blue fan facing backwards,1.066199269764043e-06,logic,0.0020542017746530824,a blue desk,0.00011678974460283006,logic,0.002446428287199151,a blue fan,0.025720187164429965,logic,0.031034408715791443,a blue desk facing to the left,6.820893690813246e-08,logic,0.0006638727252289217,a blue desk,2.0184737116531057e-05,logic,0.000804612855144667
99,99,a blue thing,6.385896043283154e-09,logic,0.0013099789520597915,a blue fan facing to the left,6.836594553157493e-09,logic,0.0006415245622161485,a blue desk facing forwards,1.6698597908658275e-05,logic,0.00024136137365651255,a blue desk facing backwards,1.4703762414826057e-06,logic,0.0046100018395734054,a blue fan facing backwards,3.169744583934487e-06,logic,0.0027926215414439664,a blue desk,2.0914376055771697e-05,logic,0.000559974037621204,a blue desk facing backwards,1.379292781015215e-07,logic,0.0013692129271270675
100,100,a blue thing facing backwards,2.3701116900663678e-11,logic,0.001266442285996371,a blue fan,6.544271519934622e-06,logic,0.0037469657839558,a blue desk facing to the left,1.1673463828344857e-07,logic,0.0005636977931449453,"a large, grey thing facing forwards",9.807247631363558e-11,logic,0.0007341169683471863,a blue desk facing forwards,0.00027075314654945214,logic,0.0005263458079812375,a blue desk facing backwards,2.25058057526277e-07,logic,0.0016296827997860984,"a large, grey thing facing forwards",2.6841476468244084e-11,logic,0.0004258784362388958
101,101,a blue fan facing forwards,1.92816412055922e-06,logic,0.0003632442203713051,a blue fan facing backwards,5.117014212778014e-09,logic,0.0024716058704782116,a blue desk,4.303010225132582e-05,logic,0.0009493857688241884,"a large, grey thing",6.072991032617211e-10,logic,0.0015809400417207767,a blue desk facing to the left,5.214507548860432e-07,logic,0.0013794449306933996,"a large, grey thing facing forwards",2.8788709520523003e-11,logic,0.0003908427047899022,"a large, grey thing",1.9816301770626596e-10,logic,0.0008470601980372457
102,102,a blue fan facing to the left,3.2753256714755754e-08,logic,0.0005792736107602246,a blue desk facing forwards,0.020044397315237855,logic,0.011664877300260536,a blue desk facing backwards,1.4719879304237817e-06,logic,0.001567059325745215,"a large, grey thing facing backwards",1.0966247050031122e-13,logic,0.001710727193938552,a blue desk,0.0014632701437451295,logic,0.001128594616749761,"a large, grey thing",1.502092742386698e-10,logic,0.001609157195275664,"a large, grey thing facing backwards",6.916845092150509e-14,logic,0.0014193033471624368
103,103,a blue fan,4.469796373091561e-06,logic,0.0013946569520070643,a blue desk facing to the left,6.46839527028818e-07,logic,0.0034904720571231774,"a large, grey thing facing forwards",1.890079527378348e-11,logic,0.0006016864642622526,"a large, grey fan facing forwards",1.189102566237494e-08,logic,0.002450125976657044,a blue desk facing backwards,5.670749319074198e-07,logic,0.0022673378530792153,"a large, grey thing facing backwards",1.0580264655620171e-13,logic,0.00221244252493948,"a large, grey fan facing forwards",5.977426416846767e-07,logic,0.0016667747967884221
104,104,a blue fan facing backwards,9.941816941193678e-08,logic,0.0018068759860531988,a blue desk,0.05856566169044566,logic,0.0299641690160404,"a large, grey thing",7.56730793620222e-11,logic,0.0020581576928349224,"a large, grey fan",3.3971433916332606e-08,logic,0.00289260026066128,"a large, grey thing facing forwards",8.909754812928179e-12,logic,0.0008489219111330288,"a large, grey fan facing forwards",4.6331190403823936e-07,logic,0.0012150623565755415,"a large, grey fan",1.0893268034950158e-06,logic,0.002431636491217703
105,105,a blue desk facing forwards,7.854997049569277e-05,logic,0.0021115140244023466,a blue desk facing backwards,1.3724342672172719e-06,logic,0.0027083842116788076,"a large, grey thing facing backwards",4.967053421476717e-14,logic,0.001859997588219996,"a large, grey fan facing backwards",1.8109174424994678e-09,logic,0.0023737388611705873,"a large, grey thing",4.959917078229946e-11,logic,0.0028713432859779338,"a large, grey fan",8.279522207135608e-07,logic,0.0028929228972642477,"a large, grey fan facing backwards",2.916143255405122e-08,logic,0.0014037495421437964
106,106,a blue desk facing to the left,2.1381201981756335e-07,logic,0.0010210709907090745,"a large, grey thing facing forwards",7.462915364009141e-12,logic,0.0009389859847860249,"a large, grey fan facing forwards",4.064716935120056e-09,logic,0.002121913185242833,"a large, grey desk facing forwards",0.00018921445641673388,logic,0.00022476298420337623,"a large, grey thing facing backwards",1.0012964014592082e-14,logic,0.0019538710207186007,"a large, grey fan facing backwards",1.0451011044646518e-07,logic,0.0017509453459354425,"a large, grey desk facing forwards",2.5191467062318475e-05,logic,0.00016645685335643897
107,107,a blue desk,0.0001921678551971399,logic,0.0031153511900631065,"a large, grey thing",3.769003563734196e-11,logic,0.002147182813527234,"a large, grey fan",1.51706785513395e-08,logic,0.0030953286770252922,"a large, grey desk",0.00038563762035829645,logic,0.0005250924206613455,"a large, grey fan facing forwards",6.52068042057908e-08,logic,0.0024443749569125874,"a large, grey desk facing forwards",5.927412475704456e-06,logic,0.0001924976209738057,"a large, grey desk",4.299064622696457e-05,logic,0.00048233708977019643
108,108,a blue desk facing backwards,3.965823153298211e-07,logic,0.0015812713755718813,"a large, grey thing facing backwards",4.2411538131657375e-15,logic,0.0015323768046530733,"a large, grey fan facing backwards",4.8663140488218735e-09,logic,0.0018171447235294557,"a large, grey desk facing backwards",1.2647022955685901e-08,logic,0.0016476403526265368,"a large, grey fan",1.2533796824035399e-07,logic,0.009245017019316865,"a large, grey desk",1.0194369369407045e-05,logic,0.0004780878923230273,"a large, grey desk facing backwards",3.2915639313063962e-09,logic,0.0012985669252158123
109,109,"a large, grey thing facing forwards",8.357709239446769e-09,logic,0.0080038124519746,"a large, grey fan facing forwards",9.443163948789248e-10,logic,0.0021948489002628865,"a large, grey desk facing forwards",6.134453221486356e-06,logic,0.00024392651130397244,"a large, red thing facing forwards",2.5305732669016813e-12,logic,0.0010684839711734872,"a large, grey fan facing backwards",1.205196714256013e-09,logic,0.002162425023707609,"a large, grey desk facing backwards",1.3909699167915027e-09,logic,0.001620804158643914,"a large, red thing facing forwards",5.439900275726728e-12,logic,0.0010136785449686486
110,110,"a large, grey thing",2.5309079273655213e-08,logic,0.011335121042126783,"a large, grey fan",2.1877591680177615e-09,logic,0.0032996231028159266,"a large, grey desk",1.0905309455462902e-05,logic,0.0008226646968238385,"a large, red thing",7.174838220345932e-10,logic,0.0005729670982614863,"a large, grey desk facing forwards",2.979054339449946e-06,logic,0.0002776155611664861,"a large, red thing facing forwards",2.697638260408792e-11,logic,0.003058484003358853,"a large, red thing",2.3277196958147157e-09,logic,0.0004598671284565323
111,111,"a large, grey thing facing backwards",5.756238585649947e-13,logic,0.0018436562050268902,"a large, grey fan facing backwards",2.23245711712567e-10,logic,0.0022927138772478504,"a large, grey desk facing backwards",9.565431075257223e-10,logic,0.0015106111674031795,"a large, red thing facing backwards",1.4782694518586747e-10,logic,0.00017452125856848882,"a large, grey desk",5.94568639273106e-06,logic,0.0006389607899754419,"a large, red thing",4.1968479888667574e-08,logic,0.014821870915575722,"a large, red thing facing backwards",6.7270802077105e-10,logic,0.00016293897106908956
112,112,"a large, grey fan facing forwards",1.4704659806066652e-07,logic,0.0014852986379339024,"a large, grey desk facing forwards",5.823549436180925e-06,logic,0.0005219491126903897,"a large, red thing facing forwards",1.9909602192417008e-11,logic,0.0040097489027407915,"a large, red fan facing forwards",4.886738658697675e-08,logic,0.002052091397341293,"a large, grey desk facing backwards",4.205440646599311e-10,logic,0.0018287715343938192,"a large, red thing facing backwards",1.865525437000517e-08,logic,0.008394168197797145,"a large, red fan facing forwards",2.3716151382995074e-06,logic,0.0017511516775557331
113,113,"a large, grey fan",2.85108653865726e-07,logic,0.0022682181364535106,"a large, grey desk",9.433390024838968e-06,logic,0.0013561950489553941,"a large, red thing",4.0321641143116914e-08,logic,0.009408188752170721,"a large, red fan",4.089012512415509e-06,logic,0.0005818418318423374,"a large, red thing facing forwards",2.3878134594572013e-12,logic,0.00113273088776784,"a large, red fan facing forwards",0.0003797905989293784,logic,0.002462459345477462,"a large, red fan",0.0006975106800560507,logic,0.0003935480787601224
114,114,"a large, grey fan facing backwards",3.3326950432190946e-09,logic,0.0013724266676641691,"a large, grey desk facing backwards",8.603118353244916e-10,logic,0.0022578768023046826,"a large, red thing facing backwards",1.6227344373961222e-08,logic,0.00480340048559136,"a large, red fan facing backwards",2.7381943590920118e-06,logic,0.0003401062090042269,"a large, red thing",3.3864316405574626e-10,logic,0.0005629471174240531,"a large, red fan",0.4468338401041456,logic,0.026164703880242047,"a large, red fan facing backwards",0.0005826541666830649,logic,0.00023421257784244173
115,115,"a large, grey desk facing forwards",0.25160731225658434,logic,0.010425539810865485,"a large, red thing facing forwards",1.0647510741852372e-13,logic,0.001295944418044367,"a large, red fan facing forwards",9.398521300240171e-07,logic,0.002229330895136286,"a large, red desk facing forwards",6.363263377335237e-06,logic,0.0015379483592034965,"a large, red thing facing backwards",1.0263582274670053e-10,logic,0.00016883095653731422,"a large, red fan facing backwards",0.35477082058047466,logic,0.01290795822667999,"a large, red desk facing forwards",4.219096563614548e-06,logic,0.0013913599936324667
116,116,"a large, grey desk",0.3554822924184286,logic,0.018625323355986517,"a large, red thing",1.29098714756573e-11,logic,0.0006152699761674382,"a large, red fan",0.0001976845477776222,logic,0.0009101156513854273,"a large, red desk",0.0006439690423773252,logic,0.001087639835750789,"a large, red fan facing forwards",6.484758666560027e-07,logic,0.0019263847430800697,"a large, red desk facing forwards",4.061706807662261e-05,logic,0.0012192093559048002,"a large, red desk",0.0002378276429640388,logic,0.0009108005158278205
117,117,"a large, grey desk facing backwards",1.3116523892588821e-06,logic,0.00252108467573175,"a large, red thing facing backwards",3.92753772393151e-12,logic,0.0001584489472359107,"a large, red fan facing backwards",0.00013406476902261765,logic,0.0002939582595402723,"a large, red desk facing backwards",0.00042738821481221766,logic,0.00023644420874301795,"a large, red fan",7.853079435277226e-05,logic,0.0008607012571828966,"a large, red desk",0.0016111041869678834,logic,0.0010370581462329572,"a large, red desk facing backwards",0.00015740479093562552,logic,0.0002075400673802693
118,118,"a large, red thing facing forwards",2.076864471630062e-14,logic,0.0020421833921236408,"a large, red fan facing forwards",3.431026537572694e-09,logic,0.0018646498866222133,"a large, red desk facing forwards",0.00014862277925958853,logic,0.002804587772301331,"a large, green thing facing forwards",6.935460569577806e-12,logic,0.0038067608248870673,"a large, red fan facing backwards",5.562478350092219e-05,logic,0.0002579792705167567,"a large, red desk facing backwards",0.001138165800323396,logic,0.00043424118364181316,"a large, green thing facing forwards",1.6694367848579027e-12,logic,0.002314044035198599
119,119,"a large, red thing",2.8650018262635586e-12,logic,0.0006273894534458006,"a large, red fan",9.588845404029559e-08,logic,0.0006249350998961005,"a large, red desk",0.3980211332606146,logic,0.02098316103184019,"a large, green thing",5.712320590228353e-10,logic,0.006802639138989966,"a large, red desk facing forwards",8.374975685205629e-07,logic,0.0017073942603945125,"a large, green thing facing forwards",4.916663853161005e-12,logic,0.000594090209319954,"a large, green thing",2.829343499140423e-10,logic,0.004901788618746736
120,120,"a large, red thing facing backwards",9.378220304270249e-13,logic,0.00014527959899441763,"a large, red fan facing backwards",6.576473027863967e-08,logic,0.0002778215944431204,"a large, red desk facing backwards",0.25744193397197845,logic,0.013158796097279038,"a large, green thing facing backwards",4.158211760081156e-12,logic,0.003551544780919438,"a large, red desk",1.6714208372061426e-05,logic,0.0010202303175242716,"a large, green thing",3.2723476851257346e-10,logic,0.0014427266261256922,"a large, green thing facing backwards",1.7045988779009828e-12,logic,0.0037297302265820657
121,121,"a large, red fan facing forwards",5.391983413464031e-10,logic,0.001873430873503171,"a large, red desk facing forwards",3.5104255014686316e-07,logic,0.0028552898076222746,"a large, green thing facing forwards",1.1166735336394652e-12,logic,0.0008255023026945339,"a large, green fan facing forwards",3.5655968347782497e-09,logic,0.002213362153246968,"a large, red desk facing backwards",8.71483232523788e-06,logic,0.00025455684728646535,"a large, green thing facing backwards",8.071186846945839e-12,logic,0.0009811935165944573,"a large, green fan facing forwards",2.8800260070734232e-08,logic,0.0033583639666032276
122,122,"a large, red fan",1.509096530168879e-08,logic,0.00044883393157438777,"a large, red desk",1.2289856697939687e-05,logic,0.0021782927540184805,"a large, green thing",4.684063035349939e-11,logic,0.002156706377371939,"a large, green fan",8.261162545901618e-07,logic,0.004264895969942279,"a large, green thing facing forwards",1.5843264953938116e-11,logic,0.0012152068808608135,"a large, green fan facing forwards",4.649813218977429e-08,logic,0.0012250254125029168,"a large, green fan",4.817587592993223e-06,logic,0.005743775753556482
123,123,"a large, red fan facing backwards",1.057267374092413e-08,logic,0.0002360327601850483,"a large, red desk facing backwards",8.269799984123955e-06,logic,0.00026589548598761966,"a large, green thing facing backwards",2.752682487855242e-12,logic,0.0010182475545036848,"a large, green fan facing backwards",4.046088137309406e-09,logic,0.0024222398298499102,"a large, green thing",3.2856369727352553e-10,logic,0.002405333737474865,"a large, green fan",4.681927023425489e-06,logic,0.0024339140989481068,"a large, green fan facing backwards",2.094050945202156e-08,logic,0.003166024819078469
124,124,"a large, red desk facing forwards",7.829840321333255e-08,logic,0.0021190503601898445,"a large, green thing facing forwards",1.4788590900720716e-12,logic,0.0013476692243893995,"a large, green fan facing forwards",2.1906517820086205e-09,logic,0.0015748069463335373,"a large, green desk facing forwards",6.126634904218624e-07,logic,0.003313187134085175,"a large, green thing facing backwards",2.4700520837407525e-12,logic,0.0011414736164876147,"a large, green fan facing backwards",8.43943581875506e-08,logic,0.0011151260805182,"a large, green desk facing forwards",2.678180054336602e-07,logic,0.0009822855944419098
125,125,"a large, red desk",1.8534769589980943e-06,logic,0.0015219324117800009,"a large, green thing",1.639799412629092e-10,logic,0.002436950075371705,"a large, green fan",1.9956939241999647e-07,logic,0.003274744594253006,"a large, green desk",1.7408583657781028e-05,logic,0.008247097969253537,"a large, green fan facing forwards",2.5567724920303083e-07,logic,0.0018999236518040053,"a large, green desk facing forwards",4.0132570091325756e-07,logic,0.0008741071733333221,"a large, green desk",4.3469185383164455e-06,logic,0.0018427957151881424
126,126,"a large, red desk facing backwards",1.3636113504865722e-06,logic,0.0002329051585553539,"a large, green thing facing backwards",1.5425172822638922e-12,logic,0.0009926947756656456,"a large, green fan facing backwards",5.155758196528891e-09,logic,0.001621333817180592,"a large, green desk facing backwards",1.9557116928567012e-07,logic,0.004508828740527802,"a large, green fan",6.612290372652469e-06,logic,0.0045178653549328715,"a large, green desk",3.180337164124041e-06,logic,0.0012814259443256902,"a large, green desk facing backwards",1.0486183574757161e-07,logic,0.0010483047275674285
127,127,"a large, green thing facing forwards",3.549860049171144e-14,logic,0.002174836873786666,"a large, green fan facing forwards",1.0217708228841328e-08,logic,0.0016547376388152098,"a large, green desk facing forwards",9.237852340572013e-08,logic,0.001272344200695527,a large thing facing forwards,2.6746566792712587e-10,logic,0.000832242662934227,"a large, green fan facing backwards",6.032748880510977e-08,logic,0.0013182215003050956,"a large, green desk facing backwards",3.2123175657619653e-07,logic,0.0012491701639195643,a large thing facing forwards,2.7684643855237025e-11,logic,0.0004028389179718731
128,128,"a large, green thing",4.2572939945721525e-12,logic,0.0023386188899677213,"a large, green fan",9.996915168574958e-07,logic,0.0030466312577304188,"a large, green desk",1.0014830835774946e-06,logic,0.0027371454673588156,a large thing,6.101509486502775e-09,logic,0.0014950482233521117,"a large, green desk facing forwards",4.903549662250587e-07,logic,0.0011873760810363764,a large thing facing forwards,1.035001826685406e-11,logic,0.0008463450987969038,a large thing,3.166625537914848e-09,logic,0.0009128042305234315
129,129,"a large, green thing facing backwards",4.8728209089585656e-14,logic,0.0009676579195148166,"a large, green fan facing backwards",1.4378584327218395e-08,logic,0.0018108977947634958,"a large, green desk facing backwards",1.2554986277813151e-07,logic,0.0013573483236684837,a large thing facing backwards,4.1234942412103015e-11,logic,0.0010332574955712202,"a large, green desk",3.48019458194731e-06,logic,0.00161348138614757,a large thing,1.0924024774278269e-07,logic,0.006443076579062514,a large thing facing backwards,3.903743566163608e-11,logic,0.0007837960726031974
130,130,"a large, green fan facing forwards",1.1935829354628389e-10,logic,0.0015176752247555562,"a large, green desk facing forwards",4.5287783419725025e-07,logic,0.002489307511520979,a large thing facing forwards,1.4734160019377105e-12,logic,0.0009165332698605838,a large fan facing forwards,1.5854027793550668e-08,logic,0.0007720751711555605,"a large, green desk facing backwards",7.916781093822317e-08,logic,0.0012664580243294502,a large thing facing backwards,2.1431875365879277e-09,logic,0.00682487341850746,a large fan facing forwards,5.996019201618649e-06,logic,0.0008028905173382151
131,131,"a large, green fan",1.5078018179369434e-08,logic,0.0020912638451366463,"a large, green desk",9.514379275800591e-06,logic,0.0041909525289466195,a large thing,8.148303145925294e-08,logic,0.007044119132879695,a large fan,7.762150036924237e-08,logic,0.0009862964586236777,a large thing facing forwards,1.7568374855507986e-10,logic,0.003014991997089238,a large fan facing forwards,3.684904382836086e-05,logic,0.0013947832641345939,a large fan,6.185152994346213e-05,logic,0.0015722968203797792
132,132,"a large, green fan facing backwards",1.6221878369337074e-10,logic,0.0015869399373782405,"a large, green desk facing backwards",2.4617563103095067e-07,logic,0.0014277291714231539,a large thing facing backwards,6.42682803457091e-10,logic,0.005641792962661927,a large fan facing backwards,1.2964483310239602e-08,logic,0.0008588805209434492,a large thing,1.1074209398376373e-07,logic,0.005394771735964019,a large fan,0.005081842507764361,logic,0.009888387412233584,a large fan facing backwards,2.147793625053395e-05,logic,0.001308336739646042
133,133,"a large, green desk facing forwards",9.835141419667975e-08,logic,0.0023534343887024432,a large thing facing forwards,6.690716229709956e-10,logic,0.004384920342690775,a large fan facing forwards,3.049705454559257e-07,logic,0.001302838360485615,a large desk facing forwards,8.267034611780235e-05,logic,0.00030571813332518435,a large thing facing backwards,2.556525742260159e-13,logic,0.000634994644868468,a large fan facing backwards,0.0034282586481488926,logic,0.008656153284711168,a large desk facing forwards,9.660297970705543e-06,logic,0.00012727992241318191
134,134,"a large, green desk",1.5301345938472496e-06,logic,0.003115649058446486,a large thing,5.6702473946707975e-08,logic,0.006963614746714239,a large fan,1.3382276378181967e-05,logic,0.002152081873548677,a large desk,0.00022742879674496927,logic,0.00112449371537745,a large fan facing forwards,0.0036717402256165577,logic,0.009776815554644755,a large desk facing forwards,7.732454923642402e-06,logic,0.00015176467981902774,a large desk,3.6889937429753355e-05,logic,0.00046071031128513837
135,135,"a large, green desk facing backwards",4.639982572287139e-08,logic,0.0013705208822267021,a large thing facing backwards,3.2119017286380043e-13,logic,0.0006340214429617111,a large fan facing backwards,7.9349391553571e-06,logic,0.0012461962472583485,a large desk facing backwards,6.986252000493785e-06,logic,0.0013276799417579783,a large fan,0.009493228457495513,logic,0.022235825524233758,a large desk,6.83397849856907e-05,logic,0.00044952342699850905,a large desk facing backwards,2.344128054884081e-06,logic,0.00042979266070228717
136,136,a large thing facing forwards,1.0690646166020683e-09,logic,0.004353511820508965,a large fan facing forwards,2.368316256182998e-06,logic,0.0014282908746800385,a large desk facing forwards,1.0056219254947446e-05,logic,0.0003750484396354401,"a large, blue thing facing forwards",1.4245483283076609e-09,logic,0.0002489420888283664,a large fan facing backwards,2.0614279794397857e-06,logic,0.002453814446314753,a large desk facing backwards,3.36979822694144e-05,logic,0.0006853064922027211,"a large, blue thing facing forwards",7.136859434950908e-10,logic,0.00019152978011821904
137,137,a large thing,1.0858140531103077e-07,logic,0.00624145293239531,a large fan,5.818708562276893e-06,logic,0.0022518847406974335,a large desk,0.005817593801535418,logic,0.008122876186577855,"a large, blue thing",5.990324245832403e-09,logic,0.0006830488166270573,a large desk facing forwards,2.3544189375114037e-05,logic,0.0003143125451360192,"a large, blue thing facing forwards",2.215549944867695e-10,logic,0.0001162080529601091,"a large, blue thing",2.876148944806667e-09,logic,0.0004874090452206877
138,138,a large thing facing backwards,4.48465645134549e-13,logic,0.0005100418747039442,a large fan facing backwards,2.2320432719409467e-07,logic,0.0013489744920996847,a large desk facing backwards,0.0025278754383117755,logic,0.010902068163094634,"a large, blue thing facing backwards",2.9025689345962153e-11,logic,0.0014358813953484898,a large desk,0.00011444353547143029,logic,0.0006558999550075494,"a large, blue thing",5.711687474931751e-10,logic,0.00039581967654210966,"a large, blue thing facing backwards",7.592185492839902e-12,logic,0.0013630664775973484
139,139,a large fan facing forwards,1.4700053352126009e-08,logic,0.0006939506622371101,a large desk facing forwards,0.002298429074282078,logic,0.006360944710552523,"a large, blue thing facing forwards",1.2137901415499316e-11,logic,0.00021900936366680662,"a large, blue fan facing forwards",5.766731806069168e-05,logic,0.0003199086280004422,a large desk facing backwards,2.983081307431803e-07,logic,0.0006838226498700347,"a large, blue thing facing backwards",1.7929394398392717e-12,logic,0.0011586926561690555,"a large, blue fan facing forwards",0.0005230305048241425,logic,0.0003380904467550472
140,140,a large fan,3.7390413782735935e-08,logic,0.0012024273552588085,a large desk,0.007645992647677701,logic,0.01198633040042902,"a large, blue thing",5.7580024424252365e-11,logic,0.0006585456331578206,"a large, blue fan",9.061637650245983e-05,logic,0.0005691655923008399,"a large, blue thing facing forwards",2.7013591922700758e-08,logic,0.005773148368742677,"a large, blue fan facing forwards",7.342676520153329e-05,logic,0.00027042647021179446,"a large, blue fan",0.0006707242178049765,logic,0.00044901088978368923
141,141,a large fan facing backwards,3.5918645311168503e-09,logic,0.0007718306031680242,a large desk facing backwards,5.860473422599163e-07,logic,0.0014885290059931193,"a large, blue thing facing backwards",3.2065458371222494e-12,logic,0.0015358992021674246,"a large, blue fan facing backwards",5.450867464589729e-07,logic,0.002073646833418437,"a large, blue thing",8.24904631468714e-08,logic,0.009780733074303147,"a large, blue fan",9.320439104638273e-05,logic,0.0006046143600693855,"a large, blue fan facing backwards",7.117865403445208e-07,logic,0.0017963404376591875
142,142,a large desk facing forwards,0.0054991998750653,logic,0.007298262033622985,"a large, blue thing facing forwards",9.106418491305045e-09,logic,0.005161746989900085,"a large, blue fan facing forwards",3.648251629169494e-07,logic,0.0002806507253656764,"a large, blue desk facing forwards",0.0010224877118034784,logic,0.00027126114545789846,"a large, blue thing facing backwards",8.716069096677152e-12,logic,0.002775043466594322,"a large, blue fan facing backwards",1.2120610402053445e-07,logic,0.0014807394354723316,"a large, blue desk facing forwards",0.0001774586615965845,logic,0.0001863942787788524
143,143,a large desk,0.011993774945477006,logic,0.013468670603767816,"a large, blue thing",1.7967078455772712e-08,logic,0.009712359692708802,"a large, blue fan",5.686677855536859e-07,logic,0.0007198465833238087,"a large, blue desk",0.0016773139152976852,logic,0.0005739635434170319,"a large, blue fan facing forwards",0.37088042861069503,logic,0.011041063007433089,"a large, blue desk facing forwards",7.663856091445781e-06,logic,0.00017641261472158158,"a large, blue desk",0.00024340859418300087,logic,0.0004668807651032257
144,144,a large desk facing backwards,6.084690591290271e-07,logic,0.001061478355989596,"a large, blue thing facing backwards",8.44981495320333e-13,logic,0.002853463647944642,"a large, blue fan facing backwards",3.88407502790379e-08,logic,0.0016339335800846693,"a large, blue desk facing backwards",1.9450658674000585e-06,logic,0.0017148786587733197,"a large, blue fan",0.5679693576614484,logic,0.02131989560767221,"a large, blue desk",1.0579904123671836e-05,logic,0.00037881163421956917,"a large, blue desk facing backwards",6.067968268633914e-07,logic,0.0011982445161900866
145,145,"a large, blue thing facing forwards",1.9042275759800168e-11,logic,0.0004762489070280613,"a large, blue fan facing forwards",3.421427053859725e-05,logic,0.0004118163408557768,"a large, blue desk facing forwards",4.845315885379553e-06,logic,0.00023412288454839972,"a small, grey thing facing to the left",1.730600042349407e-11,logic,0.003833055531212266,"a large, blue fan facing backwards",1.6019096642482384e-05,logic,0.0027985684979983977,"a large, blue desk facing backwards",7.695781069699594e-08,logic,0.0014717976009629324,"a small, grey thing facing to the left",2.2035274344466688e-11,logic,0.00436282361639189
146,146,"a large, blue thing",3.837207119645245e-11,logic,0.000828689451408054,"a large, blue fan",6.526798163795159e-05,logic,0.0009478682019198597,"a large, blue desk",7.549450757504686e-06,logic,0.0007041261508926707,"a small, grey thing",1.6711735020985393e-10,logic,0.005449292065829657,"a large, blue desk facing forwards",0.0011661078876805974,logic,0.00032469267693479887,"a small, grey thing facing to the left",7.14276545123261e-13,logic,0.0006872925466449248,"a small, grey thing",2.6391100005936446e-10,logic,0.0048341969905734816
147,147,"a large, blue thing facing backwards",9.322821121460981e-14,logic,0.0012521439836897458,"a large, blue fan facing backwards",4.337788721154776e-08,logic,0.0019129523850967504,"a large, blue desk facing backwards",1.5019474153525742e-07,logic,0.0018346361717949153,"a small, grey fan facing to the left",2.671306073597749e-07,logic,0.0015184918870536468,"a large, blue desk",0.0020274075186925197,logic,0.0006872138183167351,"a small, grey thing",3.326402167656353e-11,logic,0.0017416051732050714,"a small, grey fan facing to the left",1.8986441632077343e-06,logic,0.0036963179900992168
148,148,"a large, blue fan facing forwards",1.4048422898858931e-07,logic,0.00026252974768842404,"a large, blue desk facing forwards",0.29589549511415286,logic,0.01078656736290158,"a small, grey thing facing to the left",4.987754602295094e-12,logic,0.0005168373124479551,"a small, grey fan",5.56280949531901e-07,logic,0.0037757723266537042,"a large, blue desk facing backwards",9.180426467218611e-07,logic,0.0024576384818133143,"a small, grey fan facing to the left",4.010882718859538e-08,logic,0.0012105017851950794,"a small, grey fan",3.2254547968095837e-06,logic,0.006522136620020968
149,149,"a large, blue fan",1.9635618605472789e-07,logic,0.00048125152201714525,"a large, blue desk",0.5945178283199744,logic,0.01996068943471594,"a small, grey thing",2.956593106348112e-10,logic,0.0021636503161448174,"a small, grey desk facing to the left",1.6027714507787614e-06,logic,0.003190083911994507,"a small, grey thing facing to the left",6.289307707847277e-13,logic,0.0011818069969580138,"a small, grey fan",1.716644328507602e-07,logic,0.0028034490885672095,"a small, grey desk facing to the left",2.441349505168893e-07,logic,0.0016163705002123592
150,150,"a large, blue fan facing backwards",1.97259902973522e-09,logic,0.0014830555126273076,"a large, blue desk facing backwards",2.504782504655402e-06,logic,0.0024528686799759236,"a small, grey fan facing to the left",1.3112717493139592e-07,logic,0.0015077370034580356,"a small, grey desk",5.315164377495734e-06,logic,0.00486149200038636,"a small, grey thing",1.563916476579942e-11,logic,0.00290127263175397,"a small, grey desk facing to the left",1.713405018377999e-08,logic,0.0009219035287570445,"a small, grey desk",1.9542114737726332e-06,logic,0.0017664955836833949
151,151,"a large, blue desk facing forwards",1.994188786252605e-05,logic,0.0006369021642638254,"a small, grey thing facing to the left",3.52423482200188e-13,logic,0.0005786268839930979,"a small, grey fan",7.136747289437003e-07,logic,0.0033839732792527574,"a small, red thing facing to the left",1.671368588192713e-13,logic,0.00251132970068884,"a small, grey fan facing to the left",3.512581303374939e-08,logic,0.001983618759439111,"a small, grey desk",2.936430376785282e-07,logic,0.0011556288987229772,"a small, red thing facing to the left",2.6292483184888115e-13,logic,0.0040802208539925215
152,152,"a large, blue desk",2.911661782637305e-05,logic,0.0011309706388100875,"a small, grey thing",2.740557502669666e-11,logic,0.0017565223133581677,"a small, grey desk facing to the left",1.7691865544563676e-07,logic,0.0010019013859878618,"a small, red thing",4.210117310349977e-12,logic,0.0027145494367951987,"a small, grey fan",9.390370684013652e-08,logic,0.004632808321126941,"a small, red thing facing to the left",1.9807976490351048e-13,logic,0.0027973535893843354,"a small, red thing",7.658565026440364e-12,logic,0.002883007782459167
153,153,"a large, blue desk facing backwards",1.5973809717465328e-08,logic,0.0016138168750907417,"a small, grey fan facing to the left",1.7237689516793117e-08,logic,0.0017051001876470407,"a small, grey desk",4.965955840655543e-06,logic,0.0021168325573399237,"a small, red fan facing to the left",6.016293719748693e-09,logic,0.0019487283801373119,"a small, grey desk facing to the left",1.5541120096388103e-08,logic,0.0011419314754925799,"a small, red thing",2.7223661975537657e-11,logic,0.00835643307150174,"a small, red fan facing to the left",4.389287747437549e-08,logic,0.003807455429049844
154,154,"a small, grey thing facing to the left",1.2924459739679854e-13,logic,0.0009172762808425987,"a small, grey fan",6.904847601015925e-08,logic,0.0032886377488489174,"a small, red thing facing to the left",4.632137108898157e-13,logic,0.001310814673624635,"a small, red fan",1.8376126910611147e-08,logic,0.0022538894652098765,"a small, grey desk",1.643447013264306e-07,logic,0.0015462871013874854,"a small, red fan facing to the left",7.59782872394718e-08,logic,0.002041445346825983,"a small, red fan",1.8691575501848296e-07,logic,0.004160592371167972
155,155,"a small, grey thing",3.5860696620362893e-11,logic,0.004680150755306919,"a small, grey desk facing to the left",1.01082266367561e-08,logic,0.0016936412467252887,"a small, red thing",2.7046900858886863e-10,logic,0.009405448207388171,"a small, red desk facing to the left",2.10964813461516e-08,logic,0.0032272099409768502,"a small, red thing facing to the left",5.397111845193596e-14,logic,0.0007160003803946856,"a small, red fan",3.0370498530894016e-06,logic,0.012734803874453348,"a small, red desk facing to the left",4.218816524926084e-09,logic,0.001843853461188515
156,156,"a small, grey fan facing to the left",1.1031313753568265e-08,logic,0.0012104708181947784,"a small, grey desk",6.999741441403365e-07,logic,0.0029654821025247875,"a small, red fan facing to the left",2.994725942644562e-07,logic,0.0012248285151821713,"a small, red desk",2.3035829434252394e-07,logic,0.004297517116726799,"a small, red thing",2.7147055972056564e-12,logic,0.0010656979502020726,"a small, red desk facing to the left",1.3516405619688944e-08,logic,0.0017985101961920514,"a small, red desk",8.619088067959952e-08,logic,0.0015025841257275115
157,157,"a small, grey fan",2.4614763949613702e-08,logic,0.00255768808582289,"a small, red thing facing to the left",1.5386495270070503e-13,logic,0.0006821601156077406,"a small, red fan",1.1132785565852461e-06,logic,0.004464368563742422,"a small, green thing facing to the left",4.344995985777855e-08,logic,0.0035402286904717855,"a small, red fan facing to the left",1.6963328873127322e-08,logic,0.0013111934349772044,"a small, red desk",3.5611954798388455e-07,logic,0.0025442190124449564,"a small, green thing facing to the left",8.301426824680338e-08,logic,0.008141873942694786
158,158,"a small, grey desk facing to the left",3.897803843579803e-08,logic,0.0023337250943837166,"a small, red thing",1.4450595533274242e-11,logic,0.0011476911415397837,"a small, red desk facing to the left",6.459700057536826e-07,logic,0.002239967478258253,"a small, green thing",1.2656971681821625e-07,logic,0.0069144840652159145,"a small, red fan",1.2955461358475637e-07,logic,0.0019617518570302656,"a small, green thing facing to the left",3.505042837331836e-10,logic,0.00013216288999691808,"a small, green thing",1.9753914860819807e-07,logic,0.01367959892001378
159,159,"a small, grey desk",2.9380138259483217e-06,logic,0.00945804257146659,"a small, red fan facing to the left",1.1159928618588921e-08,logic,0.0015233070831326466,"a small, red desk",3.348619180644471e-05,logic,0.014637061952305266,"a small, green fan facing to the left",0.0005649923888203115,logic,0.00046079561574300157,"a small, red desk facing to the left",2.469872121909573e-09,logic,0.0010352526416440057,"a small, green thing",1.034331899666722e-09,logic,0.0004893148722740464,"a small, green fan facing to the left",0.43767383861636755,logic,0.011987131518268045
160,160,"a small, red thing facing to the left",2.0570511267422372e-13,logic,0.0006650620855756569,"a small, red fan",8.719193855382644e-08,logic,0.0022438073549618837,"a small, green thing facing to the left",1.6253479956975873e-09,logic,0.0001436369395327931,"a small, green fan",0.0008616633450253117,logic,0.0014534260710051326,"a small, red desk",4.9737844046761574e-08,logic,0.0011279940022319206,"a small, green fan facing to the left",8.180277829299334e-05,logic,0.00019437668091128708,"a small, green fan",0.5062639019729602,logic,0.02325168746172719
161,161,"a small, red thing",1.6799301331818242e-11,logic,0.0011017229528905435,"a small, red desk facing to the left",3.667444650898596e-08,logic,0.00129995120293051,"a small, green thing",5.640007849344319e-09,logic,0.0008034316047909533,"a small, green desk facing to the left",0.31852267615329566,logic,0.009834614678303178,"a small, green thing facing to the left",3.283438042715587e-10,logic,0.00020606011048296635,"a small, green fan",9.525247327703672e-05,logic,0.0005064761806615059,"a small, green desk facing to the left",0.0086728371287079,logic,0.0003136376236950453
162,162,"a small, red fan facing to the left",3.7722215613325775e-08,logic,0.001376002919765233,"a small, red desk",1.2354671148034963e-06,logic,0.0020467509086898442,"a small, green fan facing to the left",0.00011276946325392039,logic,0.0003390454029322762,"a small, green desk",0.5519483580663186,logic,0.018477150161127335,"a small, green thing",1.1427430881848068e-09,logic,0.0007604110011227596,"a small, green desk facing to the left",2.4348763509301753e-05,logic,0.00012752694325168977,"a small, green desk",0.01352909846595888,logic,0.0008063416821215738
163,163,"a small, red fan",2.2061428975187373e-07,logic,0.0017415045394686495,"a small, green thing facing to the left",1.7975218152085473e-10,logic,0.00015606476858670952,"a small, green fan",0.00014521289216772387,logic,0.0008185749559786632,a small thing facing to the left,3.552251427972166e-09,logic,0.005586976017255879,"a small, green fan facing to the left",0.00014331633017372088,logic,0.0002715336719391976,"a small, green desk",3.4579320616639915e-05,logic,0.00033768064324339885,a small thing facing to the left,4.191689989130842e-09,logic,0.007040228918981204
164,164,"a small, red desk facing to the left",4.834306471146209e-08,logic,0.0011919527603243285,"a small, green thing",6.3855925742061e-10,logic,0.0006823031276943066,"a small, green desk facing to the left",0.0006829036706656762,logic,0.00018866845345047394,a small thing,2.565601010063319e-07,logic,0.009097449581714087,"a small, green fan",0.00017101382272953527,logic,0.0007514992861928241,a small thing facing to the left,1.3911860693931381e-11,logic,0.0005890097444711347,a small thing,2.0609262455868957e-07,logic,0.011630209258067126
165,165,"a small, red desk",1.434848084227813e-06,logic,0.0017389532779910578,"a small, green fan facing to the left",2.659603590342983e-05,logic,0.0003452087971749743,"a small, green desk",0.0009871755095790784,logic,0.0006589976040370856,a small fan facing to the left,4.131014735122638e-06,logic,0.0006459208453147945,"a small, green desk facing to the left",1.805490029935407e-05,logic,0.0001656389471351941,a small thing,1.6537027757027615e-09,logic,0.0030532710227359787,a small fan facing to the left,0.0009466614785421287,logic,0.014108997534133466
166,166,"a small, green thing facing to the left",7.618312423953801e-11,logic,0.00013047245397936793,"a small, green fan",3.446446854300943e-05,logic,0.0008336956778915375,a small thing facing to the left,1.6187441692403006e-11,logic,0.0003236280131931208,a small fan,8.056140574363458e-06,logic,0.0033786460575894904,"a small, green desk",2.7491972311587074e-05,logic,0.00043207586557841377,a small fan facing to the left,2.873863851792111e-06,logic,0.00042276469224055167,a small fan,0.0017009334503993486,logic,0.02241327759498018
167,167,"a small, green thing",3.1305606990709415e-10,logic,0.0006162767695972219,"a small, green desk facing to the left",0.00011368064700139233,logic,0.0002211420764097256,a small thing,8.069328518459996e-09,logic,0.003769074737231069,a small desk facing to the left,0.005476472817650469,logic,0.01155441537821255,a small thing facing to the left,5.855878920819002e-12,logic,0.0005751780852568781,a small fan,6.175112519320835e-06,logic,0.0038771322112039746,a small desk facing to the left,0.00010605781264052511,logic,0.0004832091582332893
168,168,"a small, green fan facing to the left",1.9109062093442587e-05,logic,0.00028921164505785744,"a small, green desk",0.00016615470521936886,logic,0.0007369194012929133,a small fan facing to the left,3.0475656042694087e-07,logic,0.0003764844487066409,a small desk,0.013560322021837759,logic,0.02268595703083845,a small thing,1.2004843590194826e-09,logic,0.0031116185692201914,a small desk facing to the left,4.666874935645816e-07,logic,0.00018250941322486808,a small desk,0.00022009771965353253,logic,0.0014313863288769539
169,169,"a small, green fan",2.4903147986918887e-05,logic,0.0006774662631783742,a small thing facing to the left,3.4162781137858016e-11,logic,0.0002587345289510645,a small fan,9.226904015062601e-07,logic,0.003287289570917157,"a small, blue thing facing to the left",4.979331966808719e-11,logic,0.0027007268614604213,a small fan facing to the left,2.262457927029751e-06,logic,0.0007597206178790657,a small desk,2.0436899909711643e-06,logic,0.0007357150934753298,"a small, blue thing facing to the left",6.683388974966822e-11,logic,0.0038916791210593773
170,170,"a small, green desk facing to the left",5.546650279815254e-05,logic,0.0002291333325434714,a small thing,1.875684853359992e-09,logic,0.0025504452339398837,a small desk facing to the left,7.5325934686936125e-06,logic,0.0002537552239884515,"a small, blue thing",3.309785270389243e-10,logic,0.0022974458094643297,a small fan,5.5209041622299606e-06,logic,0.005506082834287483,"a small, blue thing facing to the left",8.703125937922254e-13,logic,0.00034323449906193407,"a small, blue thing",4.926257725468587e-10,logic,0.0028720765151666787
171,171,"a small, green desk",7.755032985170644e-05,logic,0.0008110666112872062,a small fan facing to the left,2.886969447604397e-07,logic,0.00042100092773465216,a small desk,4.985955634720623e-05,logic,0.0028320732002457263,"a small, blue fan facing to the left",2.698560353431967e-07,logic,0.001451938990770808,a small desk facing to the left,5.887329928409164e-07,logic,0.00025965897250817204,"a small, blue thing",4.4453297839496656e-11,logic,0.0006590232155963885,"a small, blue fan facing to the left",2.3822146901874606e-06,logic,0.005010428785815577
172,172,a small thing facing to the left,3.5852899999057044e-11,logic,0.0002800381684112676,a small fan,8.209729109566955e-07,logic,0.0033686083152830977,"a small, blue thing facing to the left",9.442915616718612e-12,logic,0.0006499228823064166,"a small, blue fan",5.325309213796741e-07,logic,0.0019023998173901262,a small desk,1.8286872668628732e-06,logic,0.0008561373904192413,"a small, blue fan facing to the left",8.612161372566025e-08,logic,0.0005912552753075893,"a small, blue fan",4.059060060000594e-06,logic,0.004764461246140614
173,173,a small thing,1.2927000741907145e-09,logic,0.002443948233337296,a small desk facing to the left,2.1485923982181243e-06,logic,0.00043451003283758745,"a small, blue thing",4.760297712237903e-10,logic,0.0012223585385477177,"a small, blue desk facing to the left",2.7777202234615253e-06,logic,0.004316812315017193,"a small, blue thing facing to the left",4.2713994664619606e-13,logic,0.002546457877076572,"a small, blue fan",4.670365572575052e-07,logic,0.0009437486541113737,"a small, blue desk facing to the left",6.028790898086756e-07,logic,0.0014544800571171432
174,174,a small fan facing to the left,2.1942750388687922e-07,logic,0.0002757269108035392,a small desk,7.558863110390041e-06,logic,0.00359532474185575,"a small, blue fan facing to the left",3.37875663460932e-07,logic,0.000928588654593322,"a small, blue desk",7.69106549821001e-06,logic,0.004475442615880178,"a small, blue thing",1.911675012331004e-11,logic,0.0071424488703932575,"a small, blue desk facing to the left",3.608261136326517e-08,logic,0.0005670523145279162,"a small, blue desk",3.2287786243045074e-06,logic,0.0010336113729948711
175,175,a small fan,4.626993553001844e-07,logic,0.0020236001728453487,"a small, blue thing facing to the left",1.9117792704827915e-12,logic,0.0013319878483454568,"a small, blue fan",1.4142313987514134e-06,logic,0.00191797146957256,,,,,"a small, blue fan facing to the left",1.8089955550461256e-07,logic,0.0029329493860512684,"a small, blue desk",5.543425463211327e-07,logic,0.0006353695474229659,,,,
176,176,a small desk facing to the left,2.3084762988307244e-06,logic,0.0004429460522120718,"a small, blue thing",9.196125444013743e-11,logic,0.00788644706640271,"a small, blue desk facing to the left",3.486741354014006e-07,logic,0.0005794223461672181,,,,,"a small, blue fan",6.647840711301423e-07,logic,0.012063361533750056,,,,,,,,
177,177,a small desk,6.312567189528754e-06,logic,0.0034962468436285127,"a small, blue fan facing to the left",2.0083533691461097e-07,logic,0.001021770126033656,"a small, blue desk",5.8601270569796824e-06,logic,0.0010794092515835233,,,,,"a small, blue desk facing to the left",2.353055057412117e-08,logic,0.0016653306068725336,,,,,,,,
178,178,"a small, blue thing facing to the left",1.73231733007053e-12,logic,0.000538155662798844,"a small, blue fan",4.794450280172929e-07,logic,0.003142295290408602,,,,,,,,,"a small, blue desk",2.1747420228275106e-07,logic,0.002086006856222259,,,,,,,,
179,179,"a small, blue thing",5.435265634237004e-11,logic,0.0010270233423834876,"a small, blue desk facing to the left",2.536937754212836e-07,logic,0.0024045276964899426,,,,,,,,,,,,,,,,,,,,
180,180,"a small, blue fan facing to the left",2.4278406144408844e-07,logic,0.000980772295775634,"a small, blue desk",4.556106895292638e-06,logic,0.013243901439602131,,,,,,,,,,,,,,,,,,,,
181,181,"a small, blue fan",4.852730039552848e-07,logic,0.0014492434378234908,,,,,,,,,,,,,,,,,,,,,,,,
182,182,"a small, blue desk facing to the left",1.7071308842665714e-07,logic,0.000820867001072683,,,,,,,,,,,,,,,,,,,,,,,,
183,183,"a small, blue desk",1.860688674435416e-06,logic,0.0014125578964747575,,,,,,,,,,,,,,,,,,,,,,,,
